752.88501	400.439209	-1.345292
752.895935	400.444489	-1.341272
752.89978	400.447083	-1.340306
752.89447	400.440521	-1.336336
752.878052	400.433044	-1.330812
752.867249	400.425934	-1.3402
752.863281	400.420746	-1.346743
752.870728	400.424561	-1.348212
752.881775	400.427399	-1.344883
752.888611	400.427399	-1.341511
752.901184	400.429565	-1.35144
752.91333	400.424622	-1.360309
752.921448	400.42038	-1.362845
752.931702	400.421936	-1.365192
752.942566	400.42337	-1.362063
752.949524	400.429291	-1.36065
752.95752	400.42923	-1.364228
752.960815	400.423737	-1.367897
752.962219	400.421143	-1.369715
752.969116	400.414886	-1.374529
752.977356	400.411133	-1.380279
752.983459	400.405945	-1.37445
752.998901	400.398987	-1.379451
753.015686	400.394409	-1.382818
753.032532	400.384186	-1.381705
753.049683	400.374084	-1.384445
753.065002	400.366943	-1.391921
753.078308	400.356995	-1.395872
753.086609	400.351471	-1.39539
753.093811	400.346497	-1.399866
753.095642	400.334686	-1.405603
753.090515	400.324341	-1.40879
753.080688	400.310303	-1.411362
753.065979	400.292847	-1.413944
753.054504	400.277802	-1.425236
753.046692	400.25827	-1.430316
753.049805	400.242126	-1.437093
753.060242	400.226624	-1.446064
753.07019	400.201569	-1.456882
753.078735	400.175507	-1.465681
753.088257	400.143921	-1.479183
753.100037	400.102051	-1.495456
753.10907	400.054657	-1.510817
753.115967	399.996521	-1.519521
753.126465	399.932556	-1.535372
753.137329	399.867096	-1.55661
753.158142	399.795105	-1.576316
753.19458	399.729126	-1.596801
753.246826	399.664001	-1.623097
753.306213	399.579163	-1.653507
753.346924	399.471771	-1.663688
753.368042	399.348419	-1.668651
753.370667	399.202576	-1.680696
753.356873	399.055054	-1.736658
753.3255	398.888855	-1.797236
753.243286	398.71051	-1.814338
753.085144	398.602203	-1.790755
752.878967	398.52066	-1.698267
752.674438	398.294525	-1.201658
752.663879	397.369385	0.245614
752.841553	395.875366	2.54302
752.829956	395.012573	5.103158
752.74292	394.200165	7.920074
752.619934	393.125061	11.042181
752.411255	391.889465	14.383995
752.095459	390.538849	17.873125
751.643066	389.048218	21.45837
751.039246	387.424713	25.139095
750.256653	385.701538	28.951139
749.267212	383.90918	32.893631
748.060486	382.052338	36.938469
746.613708	380.165314	41.057156
744.922546	378.302795	45.207851
742.97583	376.458923	49.384953
740.780273	374.631165	53.558796
738.324768	372.815979	57.73999
735.600281	371.009094	61.929462
732.607666	369.211243	66.118599
729.34967	367.417877	70.260468
725.805725	365.631317	74.342331
721.970642	363.872192	78.381554
717.826294	362.167145	82.422379
713.363037	360.507507	86.480179
708.632324	358.864655	90.481895
703.649048	357.20578	94.397179
698.416504	355.523407	98.175087
692.970886	353.80658	101.735527
687.364807	352.039886	105.116508
681.628601	350.25177	108.404144
675.73407	348.485382	111.62542
669.639648	346.758636	114.741714
663.348633	345.080444	117.653587
656.889832	343.429413	120.209808
650.32019	341.753937	122.312515
643.721313	339.985779	123.939751
637.151245	338.105988	125.09153
630.596313	336.184326	125.889786
624.034485	334.310272	126.484673
617.498413	332.510803	126.960098
611.055908	330.745148	127.407013
604.787354	328.929077	127.849297
598.751221	327.014069	128.248459
592.893982	324.989075	128.498337
587.178101	322.850189	128.445358
581.565002	320.652161	128.049118
576.009766	318.466614	127.35685
570.530457	316.322083	126.464737
565.16272	314.221191	125.524017
559.961304	312.153198	124.658302
554.915161	310.131927	123.904686
549.990845	308.172363	123.2192
545.196106	306.253693	122.483978
540.516052	304.385101	121.632507
535.938904	302.609711	120.628525
531.427429	300.965607	119.499588
526.987427	299.451111	118.268066
522.616821	298.070862	116.968918
518.292236	296.872894	115.599602
514.035339	295.852905	114.137917
509.916809	294.975464	112.603043
505.9534	294.242004	111.099182
502.144836	293.654449	109.690048
498.475616	293.19928	108.383179
494.939453	292.876007	107.197716
491.577545	292.626923	106.14164
488.423065	292.409424	105.27272
485.468567	292.22821	104.611412
482.67926	292.083374	104.103897
480.040985	291.961731	103.656738
477.550934	291.841309	103.2276
475.187103	291.706787	102.769142
472.922974	291.553619	102.214134
470.753784	291.366302	101.535156
468.658508	291.159515	100.754257
466.622955	290.964813	99.802811
464.622437	290.802673	98.593155
462.644409	290.685028	97.185356
460.711456	290.644592	95.717682
458.870758	290.629517	94.312775
457.173615	290.551971	93.006981
455.596161	290.418365	91.769691
454.16983	290.160309	90.616646
452.908264	289.723938	89.550262
451.772797	289.134186	88.594391
450.72525	288.435455	87.723877
449.733643	287.688507	86.932953
448.776031	286.953796	86.225037
447.813019	286.304718	85.559959
446.816956	285.797699	84.879028
445.773682	285.456512	84.182487
444.690216	285.277557	83.565598
443.557587	285.307007	83.015099
442.355377	285.615234	82.42215
441.077728	286.263794	81.8004
439.759491	287.216644	81.182404
438.470062	288.274475	80.502899
437.249908	289.351044	79.814491
436.085693	290.531311	79.266525
434.963104	291.863831	78.895065
433.918121	293.254944	78.68528
432.99823	294.408905	78.651131
432.212402	295.073303	78.720757
431.53418	295.363434	78.804245
430.924072	295.472321	78.892975
430.352997	295.515503	78.972755
428.157135	296.247864	78.491768
427.735687	296.551239	78.530594
427.38623	296.835846	78.694832
427.095367	297.090332	78.899704
426.84375	297.334808	79.085243
426.625488	297.548615	79.25692
426.440887	297.742065	79.399803
426.268066	297.910461	79.538231
426.099854	298.037811	79.689476
425.927124	298.124725	79.845016
425.738342	298.193115	80.020531
425.538361	298.246887	80.222031
425.309723	298.29834	80.5159
425.06073	298.390533	80.962677
424.806152	298.560516	81.628242
424.547913	298.811554	82.549408
424.285522	299.123688	83.72673
424.017273	299.482422	85.158791
423.743256	299.848755	86.85318
423.464233	300.183441	88.777725
423.167755	300.462494	90.959236
422.847931	300.683044	93.342346
422.543854	300.832062	95.986336
422.249451	300.874268	98.924149
421.961578	300.810638	102.114433
421.670105	300.640411	105.525589
421.387451	300.394684	109.213852
421.118561	300.099487	113.170532
420.863739	299.819427	117.425316
420.631439	299.58667	121.996269
420.441284	299.398193	126.886398
420.293945	299.264282	132.091324
420.195099	299.175385	137.587051
420.154816	299.088684	143.323654
420.168701	298.982117	149.270325
420.226501	298.839996	155.406448
420.331543	298.668396	161.692825
420.498932	298.490936	168.125137
420.743439	298.329803	174.690125
421.069397	298.188538	181.387497
421.470886	298.058716	188.203812
421.956818	297.917023	195.07933
422.517487	297.748779	201.99263
423.137207	297.556213	208.907684
423.820526	297.341919	215.803207
424.57019	297.133636	222.652557
425.389252	296.942169	229.437729
426.269745	296.765411	236.163498
427.205841	296.619415	242.792892
428.203735	296.516724	249.30481
429.255798	296.452667	255.683136
430.34375	296.423981	261.888519
431.443298	296.405151	267.894623
432.543243	296.400146	273.670441
433.632172	296.399231	279.172424
434.699615	296.396667	284.383942
435.735077	296.388794	289.289612
436.739349	296.367462	293.859467
437.688232	296.326996	298.09671
438.576721	296.271362	301.973602
439.420471	296.215729	305.468719
440.189911	296.170929	308.591125
440.887817	296.137115	311.30835
441.502533	296.109863	313.608093
442.01532	296.090576	315.48407
442.437927	296.068146	316.907745
442.751434	296.055176	317.868347
442.935547	296.068542	318.373871
442.998535	296.08902	318.393921
442.952209	296.108856	317.918152
442.811005	296.114044	316.954865
442.572845	296.093933	315.497253
442.230865	296.048401	313.541046
441.784271	295.964294	311.101746
441.233215	295.836853	308.194153
440.562836	295.692017	304.830536
439.776978	295.549347	301.046082
438.889587	295.427155	296.867554
437.903931	295.34668	292.339294
436.839722	295.318878	287.499329
435.722321	295.358093	282.37323
434.558685	295.466217	276.983215
433.359253	295.632538	271.356323
432.140686	295.863861	265.525818
430.909485	296.166718	259.536957
429.676544	296.523743	253.401581
428.442688	296.919678	247.131714
427.20694	297.30835	240.7659
425.978516	297.664459	234.323746
424.780548	297.987244	227.808914
423.603943	298.237183	221.262436
422.454651	298.416077	214.699722
421.352173	298.548615	208.13678
420.293579	298.675201	201.653732
419.284515	298.856445	195.325256
418.332886	299.12793	189.206039
417.441437	299.47641	183.339783
416.627594	299.895966	177.745087
415.892365	300.368103	172.446487
415.23053	300.882843	167.429276
414.637848	301.421143	162.700623
414.122833	301.969238	158.27211
413.692261	302.525177	154.131958
413.354401	303.065674	150.259933
413.090912	303.569977	146.658676
412.895966	304.032288	143.298233
412.76413	304.424286	140.151413
412.676178	304.735443	137.211029
412.629974	304.989105	134.463547
412.621094	305.2146	131.927353
412.646149	305.437592	129.619537
412.715179	305.6698	127.530273
412.833588	305.915161	125.622383
412.990936	306.164703	123.869865
413.167145	306.394287	122.240349
413.348511	306.579132	120.668915
413.517487	306.702881	119.133347
413.671234	306.762695	117.617287
413.817322	306.776184	116.12352
413.968384	306.773224	114.673698
414.129852	306.779846	113.29998
414.303711	306.811127	111.992882
414.481232	306.857178	110.737129
414.660645	306.902588	109.514069
414.840668	306.939453	108.331902
415.026703	306.968567	107.19989
415.21936	306.990906	106.136467
415.415558	306.997253	105.116867
415.597168	306.980133	104.117393
415.773529	306.943787	103.127647
415.949463	306.870514	102.163284
416.133209	306.764191	101.239395
416.316467	306.640961	100.365166
416.503296	306.514069	99.547562
416.6987	306.394196	98.775848
416.899536	306.271088	98.02816
417.103241	306.126587	97.309334
417.311829	305.980255	96.595116
417.517334	305.847198	95.878204
417.718262	305.733032	95.178108
417.921936	305.648956	94.472183
418.117645	305.582397	93.764015
418.304565	305.521759	93.04081
418.477173	305.461884	92.30761
418.647217	305.38913	91.555016
418.814545	305.3172	90.791847
418.983612	305.257538	90.039261
419.155701	305.204132	89.296814
419.329468	305.167725	88.549751
419.500153	305.147797	87.805084
419.650085	305.131653	87.077347
419.789795	305.123016	86.358238
419.917053	305.122162	85.651588
420.027893	305.120117	84.94252
420.128052	305.11377	84.229843
420.225006	305.098907	83.533943
420.323883	305.077393	82.865776
420.450867	305.205139	82.382011
420.662048	305.330475	82.166153
420.908997	305.223114	82.011459
421.106445	305.205658	81.870216
421.281036	305.123596	81.746681
421.459503	305.049866	81.659676
421.636444	305.013794	81.561966
421.816742	304.991425	81.4757
422.016174	304.986938	81.38929
422.248749	304.974579	81.320518
422.51532	304.953766	81.269714
422.825592	304.91452	81.215691
423.233551	304.844849	81.234505
423.761383	304.713562	81.325745
424.382568	304.482086	81.365646
425.12439	304.206909	81.4002
425.985138	303.934021	81.46138
426.99765	303.682983	81.597832
428.190125	303.432983	81.84893
429.516693	303.150452	82.167542
430.943665	302.756714	82.498024
432.505432	302.131989	82.825584
434.211975	301.431061	83.183044
436.005371	300.983276	83.639641
437.875061	300.759155	84.122353
439.863373	300.543335	84.575142
441.943268	300.372681	85.080605
444.1409	300.280914	85.619507
446.462982	300.350403	86.187752
448.963776	300.620148	86.938232
451.714325	301.10202	87.978706
454.740265	301.776245	89.323715
458.055817	302.59317	90.926193
461.689606	303.415375	92.53273
465.65332	304.145142	94.013031
469.943268	304.884796	95.427818
474.573517	305.689789	96.774574
479.590027	306.508789	98.111519
485.026245	307.334503	99.480125
490.813049	308.217896	100.786652
496.860046	309.221436	101.879082
503.112061	310.4039	102.66851
509.529846	311.782166	103.135414
516.0979	313.35257	103.254051
522.873352	315.073242	103.042473
529.994385	316.792603	102.488182
537.51416	318.460419	101.54158
545.312073	320.225372	100.308197
553.271301	322.188354	98.961937
561.342529	324.31134	97.622963
569.496155	326.533875	96.290382
577.660583	328.8862	94.843468
585.76178	331.447296	93.062981
593.760925	334.240082	90.868515
601.714539	337.171173	88.410889
609.722839	340.086548	85.804642
617.776733	342.958252	83.021393
625.763855	345.875702	80.025688
633.558533	348.876678	76.960213
641.139038	351.914825	73.895897
648.541016	354.925934	70.780212
655.739136	357.906952	67.670609
662.763306	360.833252	64.630043
669.709656	363.631165	61.557095
676.586426	366.306	58.325684
683.280945	368.960602	55.046379
689.713013	371.596069	51.974049
695.895569	374.127808	49.137054
701.838074	376.470947	46.445938
707.527344	378.632172	43.755173
712.882019	380.727509	40.980019
717.848633	382.8461	38.098679
722.460999	384.979706	35.100845
726.786499	387.015961	32.099148
730.898438	388.813019	29.260483
734.819092	390.343445	26.582926
738.534973	391.629852	24.048971
742.010559	392.691254	21.673182
745.227173	393.598724	19.354498
748.18573	394.367737	16.956291
750.827881	395.060638	14.364644
753.099426	395.834259	11.515164
755.016968	396.692261	8.550737
756.669922	397.505707	5.625257
758.112061	398.247467	2.731675
759.304993	399.02533	-0.185646
760.292664	399.812256	-1.911814
761.071045	400.601898	-1.796077
761.586975	401.57489	-1.763177
761.96991	402.492554	-1.796285
762.332703	403.118927	-1.812118
762.616882	403.524933	-1.796339
762.740601	403.829346	-1.761282
762.706787	404.041412	-1.756818
762.450562	404.270264	-1.780094
761.954651	404.562012	-1.824925
761.315796	404.837372	-1.905813
760.575012	405.042358	-2.009704
759.732422	405.153351	-2.105448
758.823669	405.172363	-2.180686
757.888062	405.140106	-2.254873
756.913269	405.037628	-2.299532
755.921082	404.885956	-2.335144
754.927917	404.694	-2.3697
753.973022	404.445007	-2.42503
753.048889	404.213806	-2.460443
752.185974	404.04422	-2.479772
751.377686	403.908112	-2.558113
750.563721	403.790039	-2.675303
749.792358	403.623383	-2.743438
749.112488	403.504761	-2.73399
748.486938	403.412415	-2.721038
747.928589	403.320831	-2.710594
747.442322	403.263947	-2.710843
747.033081	403.226807	-2.738754
746.689514	403.199127	-2.764488
746.382141	403.195862	-2.782571
746.104431	403.198822	-2.796456
745.858215	403.187683	-2.811061
745.661194	403.151947	-2.842867
745.504578	403.109161	-2.868501
745.383972	403.061371	-2.890918
745.296936	403.016235	-2.917566
745.245117	402.97937	-2.946303
745.228577	402.956726	-2.963717
745.246765	402.951324	-2.978755
745.281921	402.956146	-2.981586
745.322632	402.97345	-2.985454
745.361389	402.989624	-2.989801
745.400574	402.999664	-2.993457
745.432495	403.011292	-2.993028
745.455139	403.016174	-2.989166
745.471863	403.014648	-2.999094
745.470642	403.007996	-3.005082
745.468567	402.987915	-3.017954
745.467102	402.971863	-3.02548
745.474854	402.96524	-3.030941
745.492004	402.961853	-3.033732
745.514465	402.968719	-3.037217
745.538879	402.976471	-3.034799
745.557068	402.979858	-3.027082
745.574341	402.993622	-3.030644
745.588562	403.005188	-3.03214
745.590271	403.015045	-3.025235
745.584961	403.024567	-3.020349
745.583862	403.02121	-3.024005
745.581299	403.014771	-3.026328
745.586487	403.008423	-3.022858
745.603943	403.007355	-3.018179
745.618286	403.01535	-3.007198
745.637268	403.023621	-3.000443
745.652222	403.032227	-2.987144
745.666565	403.044128	-2.981498
745.678406	403.048218	-2.976376
745.68573	403.052277	-2.970258
745.695984	403.0578	-2.96691
745.709167	403.059357	-2.972136
745.715942	403.059937	-2.975391
745.723999	403.058594	-2.984591
745.731934	403.055206	-2.988265
745.739624	403.054779	-2.986074
745.745544	403.053558	-2.984711
745.747192	403.052734	-2.989178
745.739258	403.049255	-2.991878
745.718506	403.034637	-2.995361
745.688782	403.020355	-3.000127
745.654846	403.004822	-3.006377
745.621338	402.984741	-3.018308
745.585754	402.968567	-3.03216
745.541199	402.94278	-3.036799
745.500854	402.915436	-3.045479
745.465149	402.894775	-3.061393
745.438843	402.869354	-3.076057
745.420044	402.84198	-3.090209
745.4021	402.81366	-3.101801
