746.444458	 400.213074	 -3.251381	 728.260864	 414.532776	 -5.090137	 389.771454	 518.845703	 83.788551	 388.403168	 478.637085	 84.933990	 389.075836	 498.718842	 71.733055
746.446167	 400.215881	 -3.249789	 728.267334	 414.536896	 -5.095174	 389.773407	 518.848511	 83.787125	 388.401611	 478.640289	 84.940208	 389.075958	 498.721161	 71.733322
746.453674	 400.215057	 -3.251260	 728.274902	 414.529816	 -5.093547	 389.774109	 518.846680	 83.788261	 388.403442	 478.637543	 84.938881	 389.075409	 498.719391	 71.737251
746.458740	 400.209900	 -3.253243	 728.282349	 414.522430	 -5.087477	 389.775787	 518.847534	 83.789879	 388.407043	 478.636047	 84.934540	 389.076965	 498.718842	 71.738396
746.462952	 400.210541	 -3.254557	 728.292908	 414.514435	 -5.079884	 389.778442	 518.848267	 83.792892	 388.412720	 478.638855	 84.934402	 389.084930	 498.722504	 71.730179
746.476257	 400.211304	 -3.260125	 728.307983	 414.510406	 -5.077063	 389.786072	 518.847717	 83.790298	 388.420685	 478.638458	 84.936844	 389.093445	 498.720917	 71.732773
746.483643	 400.213898	 -3.256302	 728.321472	 414.512665	 -5.074296	 389.792419	 518.848633	 83.789726	 388.424927	 478.640045	 84.938797	 389.097717	 498.720520	 71.736259
746.496277	 400.220215	 -3.252058	 728.337402	 414.513641	 -5.070374	 389.799072	 518.846802	 83.786369	 388.431183	 478.639282	 84.933586	 389.102905	 498.719940	 71.734703
746.513672	 400.225067	 -3.252523	 728.347412	 414.514862	 -5.067316	 389.800690	 518.844482	 83.787231	 388.435547	 478.635803	 84.930595	 389.106598	 498.717926	 71.731659
746.516052	 400.227417	 -3.249969	 728.351685	 414.515289	 -5.059714	 389.798401	 518.847717	 83.783134	 388.433197	 478.638611	 84.929764	 389.104584	 498.719971	 71.731140
746.513550	 400.220337	 -3.247773	 728.356201	 414.507263	 -5.054792	 389.795013	 518.846558	 83.782097	 388.430603	 478.638000	 84.927902	 389.100586	 498.720337	 71.732964
746.506104	 400.209961	 -3.248128	 728.358093	 414.501770	 -5.060441	 389.793030	 518.846069	 83.786766	 388.428101	 478.637817	 84.930496	 389.100128	 498.720612	 71.732056
746.501282	 400.204468	 -3.256437	 728.354065	 414.494812	 -5.055282	 389.794617	 518.847839	 83.785423	 388.426941	 478.639465	 84.931328	 389.097809	 498.721466	 71.735649
746.503967	 400.196167	 -3.263501	 728.352661	 414.486145	 -5.048652	 389.794800	 518.845825	 83.788788	 388.429108	 478.636230	 84.928185	 389.096039	 498.718750	 71.739685
746.509583	 400.191833	 -3.262075	 728.359253	 414.486420	 -5.050951	 389.792419	 518.845276	 83.787476	 388.429138	 478.636719	 84.927170	 389.098114	 498.718872	 71.733635
746.522339	 400.190399	 -3.258574	 728.369934	 414.484772	 -5.046735	 389.793304	 518.844849	 83.782845	 388.426422	 478.635162	 84.930115	 389.097870	 498.718689	 71.729370
746.543518	 400.181610	 -3.263654	 728.379822	 414.480103	 -5.033840	 389.792450	 518.844543	 83.783798	 388.425476	 478.632690	 84.926025	 389.096863	 498.715546	 71.729088
746.557739	 400.170624	 -3.256882	 728.392700	 414.476746	 -5.025574	 389.793060	 518.846802	 83.778725	 388.422028	 478.635071	 84.924850	 389.094116	 498.716522	 71.731735
746.570801	 400.156494	 -3.249029	 728.406982	 414.469849	 -5.020881	 389.795349	 518.845642	 83.776627	 388.422638	 478.635040	 84.928207	 389.094086	 498.716034	 71.731491
746.594604	 400.141876	 -3.252953	 728.416992	 414.465515	 -5.016469	 389.790710	 518.844177	 83.782059	 388.423065	 478.634155	 84.928215	 389.097198	 498.717560	 71.726875
746.620544	 400.132721	 -3.255620	 728.425415	 414.460083	 -5.003518	 389.790436	 518.845947	 83.783607	 388.420746	 478.635345	 84.927849	 389.098236	 498.720642	 71.723869
746.647888	 400.122406	 -3.247538	 728.433472	 414.451904	 -4.994366	 389.792542	 518.844788	 83.784279	 388.424500	 478.636108	 84.927139	 389.097534	 498.717438	 71.732903
746.680359	 400.108948	 -3.233087	 728.444946	 414.448486	 -4.993224	 389.792145	 518.845398	 83.782860	 388.425934	 478.635681	 84.928009	 389.097290	 498.717621	 71.733047
746.722107	 400.102356	 -3.221638	 728.467224	 414.451355	 -4.988497	 389.791199	 518.844727	 83.785217	 388.423187	 478.634979	 84.927673	 389.095337	 498.717743	 71.729355
746.766418	 400.083954	 -3.201320	 728.486084	 414.448700	 -4.985707	 389.790558	 518.842651	 83.784233	 388.420746	 478.631897	 84.926720	 389.095978	 498.716492	 71.725197
746.811829	 400.047638	 -3.193323	 728.486328	 414.428955	 -4.989350	 389.789948	 518.843689	 83.780060	 388.422089	 478.633148	 84.923172	 389.096466	 498.717438	 71.724747
746.853149	 400.002655	 -3.185781	 728.476807	 414.396271	 -4.983991	 389.789032	 518.842163	 83.781258	 388.423737	 478.635040	 84.923958	 389.094574	 498.716248	 71.729362
746.894714	 399.944794	 -3.178586	 728.472229	 414.364227	 -4.979404	 389.789276	 518.840454	 83.782539	 388.426453	 478.632294	 84.924133	 389.095917	 498.712433	 71.733574
746.946106	 399.882141	 -3.178609	 728.466187	 414.327850	 -4.988298	 389.792542	 518.842590	 83.784760	 388.427887	 478.633423	 84.924438	 389.101990	 498.716797	 71.725510
747.008850	 399.815857	 -3.174543	 728.447083	 414.282257	 -4.998363	 389.797974	 518.843384	 83.784805	 388.431396	 478.634247	 84.926987	 389.102783	 498.717712	 71.730080
747.082092	 399.740540	 -3.167478	 728.416138	 414.241516	 -5.013976	 389.801300	 518.844849	 83.782555	 388.434296	 478.634308	 84.926491	 389.104736	 498.716400	 71.735992
747.175232	 399.653259	 -3.158288	 728.376221	 414.198517	 -5.040170	 389.804108	 518.847290	 83.778244	 388.434967	 478.636566	 84.926010	 389.105804	 498.717896	 71.731720
747.319519	 399.497772	 -3.140873	 728.348877	 414.112640	 -5.057806	 389.806274	 518.845703	 83.778908	 388.437500	 478.635773	 84.929527	 389.106323	 498.716644	 71.733910
747.514160	 399.255402	 -3.092607	 728.306580	 414.024414	 -5.096034	 389.807556	 518.846619	 83.787483	 388.441711	 478.637238	 84.927040	 389.111237	 498.715942	 71.733795
747.700928	 399.054535	 -3.032949	 728.234192	 413.809570	 -5.183758	 389.810974	 518.847046	 83.785858	 388.444397	 478.638580	 84.927704	 389.116211	 498.720154	 71.733574
747.838440	 398.821655	 -2.901767	 728.111389	 413.437469	 -5.266693	 389.815308	 518.844421	 83.781776	 388.446625	 478.636200	 84.930756	 389.117981	 498.718658	 71.733795
747.941589	 398.392761	 -2.566644	 727.963135	 413.025177	 -5.369404	 389.814697	 518.846741	 83.783844	 388.446503	 478.637390	 84.925568	 389.117828	 498.719910	 71.732002
747.988098	 397.861542	 -1.866982	 727.799316	 412.472900	 -5.375114	 389.813385	 518.846924	 83.781868	 388.444855	 478.638245	 84.925270	 389.115082	 498.718903	 71.736267
747.966248	 397.300079	 -0.762975	 727.598328	 411.722229	 -5.048390	 389.809082	 518.845642	 83.782173	 388.436859	 478.634613	 84.933456	 389.108368	 498.713989	 71.742020
747.872742	 396.673645	 0.752503	 727.098938	 411.020782	 -4.083090	 389.800598	 518.847290	 83.788620	 388.432098	 478.636078	 84.931892	 389.105865	 498.718079	 71.735077
747.681274	 395.991943	 2.711362	 726.088745	 410.544922	 -2.324690	 389.798187	 518.844421	 83.788582	 388.432770	 478.635529	 84.929924	 389.103638	 498.718506	 71.734009
747.325867	 395.343323	 5.115090	 724.633057	 410.308838	 0.119140	 389.795532	 518.844543	 83.786453	 388.428497	 478.635010	 84.931496	 389.097443	 498.715973	 71.740562
746.752380	 394.813141	 7.885202	 722.854919	 410.277130	 3.051597	 389.789459	 518.844543	 83.789268	 388.424286	 478.636688	 84.929909	 389.094727	 498.718475	 71.735001
745.891479	 394.441406	 10.975531	 720.788025	 410.390259	 6.371767	 389.787292	 518.842224	 83.786377	 388.418945	 478.632690	 84.935959	 389.093597	 498.716553	 71.730637
744.700378	 394.227905	 14.344265	 718.416016	 410.635376	 10.048350	 389.783875	 518.843994	 83.785141	 388.413177	 478.633057	 84.937721	 389.090881	 498.716736	 71.730423
743.178833	 394.129944	 17.929390	 715.751221	 411.008972	 13.994026	 389.784210	 518.843323	 83.789055	 388.415192	 478.635193	 84.932709	 389.089630	 498.717468	 71.734276
741.319092	 394.123322	 21.683523	 712.751526	 411.511383	 18.176254	 389.785065	 518.842285	 83.789513	 388.416534	 478.632050	 84.936295	 389.090302	 498.714630	 71.735428
739.093506	 394.224152	 25.598730	 709.370239	 412.180237	 22.609518	 389.780518	 518.845032	 83.791534	 388.414642	 478.634430	 84.931847	 389.086578	 498.715729	 71.736206
736.513489	 394.430908	 29.660761	 705.594666	 413.044525	 27.278252	 389.782043	 518.843811	 83.787796	 388.413147	 478.633209	 84.932648	 389.083832	 498.715729	 71.738380
733.579468	 394.728119	 33.877960	 701.461914	 414.101501	 32.132648	 389.785034	 518.842834	 83.784927	 388.413940	 478.632507	 84.934456	 389.085510	 498.714813	 71.736183
730.290039	 395.095367	 38.301476	 697.033386	 415.357025	 37.097317	 389.782471	 518.843811	 83.790955	 388.413757	 478.636292	 84.932289	 389.085815	 498.716187	 71.740440
726.631165	 395.526703	 42.977272	 692.269531	 416.854553	 42.184231	 389.784637	 518.841858	 83.786209	 388.415314	 478.633392	 84.935402	 389.087341	 498.713623	 71.742264
722.562744	 396.061218	 47.893787	 687.089417	 418.715088	 47.480820	 389.785004	 518.843628	 83.786263	 388.415283	 478.633942	 84.935898	 389.087463	 498.715088	 71.734413
718.063232	 396.706909	 52.997234	 681.462463	 421.016998	 53.018974	 389.783997	 518.844238	 83.790276	 388.413971	 478.634399	 84.932747	 389.084869	 498.716553	 71.737823
713.123535	 397.464233	 58.205414	 675.436401	 423.670288	 58.708225	 389.783051	 518.841492	 83.789612	 388.413025	 478.630585	 84.935654	 389.085419	 498.714661	 71.737930
707.727234	 398.361267	 63.426151	 669.040649	 426.563599	 64.437111	 389.784058	 518.844421	 83.786339	 388.410126	 478.632080	 84.939804	 389.085938	 498.715424	 71.736053
701.883362	 399.393951	 68.532242	 662.279602	 429.683533	 70.060654	 389.787720	 518.844543	 83.786720	 388.416046	 478.632141	 84.933891	 389.087189	 498.715240	 71.738930
695.564941	 400.583984	 73.409691	 655.169556	 433.029816	 75.433128	 389.788177	 518.841797	 83.795944	 388.420258	 478.632782	 84.934761	 389.092834	 498.715057	 71.740791
688.766174	 401.967499	 77.992844	 647.733887	 436.579681	 80.442253	 389.791992	 518.843567	 83.793259	 388.421387	 478.635345	 84.942444	 389.098511	 498.717834	 71.735123
681.519226	 403.494995	 82.294640	 639.983032	 440.335754	 85.030418	 389.794312	 518.843262	 83.790169	 388.423492	 478.632355	 84.942329	 389.097534	 498.716827	 71.737656
673.876709	 405.159332	 86.287132	 631.914795	 444.327637	 89.189537	 389.794128	 518.843994	 83.791153	 388.421295	 478.631927	 84.938782	 389.092072	 498.714081	 71.747337
665.835754	 406.948212	 89.979729	 623.538574	 448.566772	 92.919426	 389.791626	 518.844666	 83.789635	 388.417175	 478.633728	 84.940231	 389.091064	 498.715088	 71.744804
657.411743	 408.869354	 93.281822	 614.882690	 453.042999	 96.223412	 389.790558	 518.843689	 83.789665	 388.417603	 478.633270	 84.938660	 389.092377	 498.714874	 71.741745
648.600037	 410.951416	 96.107857	 606.008606	 457.760437	 99.101494	 389.788971	 518.845215	 83.792023	 388.416412	 478.633759	 84.943443	 389.089600	 498.715149	 71.744637
639.449829	 413.153839	 98.415077	 596.983032	 462.744965	 101.579483	 389.787018	 518.844421	 83.794724	 388.411407	 478.634155	 84.949844	 389.085388	 498.714569	 71.748032
630.064697	 415.418182	 100.201263	 587.883728	 467.991577	 103.693214	 389.781342	 518.842163	 83.797668	 388.408142	 478.634155	 84.946983	 389.082916	 498.713318	 71.744652
620.535950	 417.750641	 101.540062	 578.790283	 473.429565	 105.505699	 389.775360	 518.844116	 83.792740	 388.404755	 478.634857	 84.944283	 389.076996	 498.715332	 71.746605
610.959839	 420.138458	 102.516296	 569.792114	 478.934540	 107.031906	 389.771240	 518.841492	 83.795982	 388.399506	 478.633087	 84.947388	 389.071289	 498.714325	 71.750496
601.401123	 422.567261	 103.244141	 560.964050	 484.334961	 108.176430	 389.765442	 518.839905	 83.799644	 388.395844	 478.631165	 84.945923	 389.067200	 498.713684	 71.750999
591.909546	 425.051758	 103.746887	 552.326904	 489.464691	 108.787086	 389.760376	 518.842468	 83.799339	 388.392944	 478.632599	 84.944595	 389.065765	 498.716248	 71.749016
582.505798	 427.551941	 103.938660	 543.913147	 494.303894	 108.783142	 389.760864	 518.841553	 83.798225	 388.395477	 478.632263	 84.943581	 389.066010	 498.714111	 71.750130
573.231018	 429.942719	 103.632065	 535.761414	 498.936157	 108.245575	 389.763367	 518.842102	 83.795761	 388.396851	 478.633209	 84.940849	 389.065948	 498.713379	 71.750343
564.187134	 432.084015	 102.675835	 527.880188	 503.391510	 107.380394	 389.760986	 518.842224	 83.802498	 388.389771	 478.633484	 84.949387	 389.066254	 498.716858	 71.749939
555.449890	 433.982422	 101.148277	 520.263733	 507.589081	 106.401253	 389.761230	 518.841064	 83.801933	 388.390564	 478.630768	 84.950378	 389.065369	 498.714691	 71.754906
547.058289	 435.752258	 99.379730	 512.895691	 511.450256	 105.478569	 389.761688	 518.842163	 83.798454	 388.394714	 478.633362	 84.943230	 389.066376	 498.714447	 71.754936
539.054199	 437.500793	 97.777473	 505.830414	 515.023682	 104.631668	 389.764465	 518.842346	 83.801880	 388.397308	 478.633911	 84.950020	 389.070190	 498.715240	 71.750084
531.459900	 439.254700	 96.618050	 499.155914	 518.374756	 103.744392	 389.770172	 518.842957	 83.802063	 388.403564	 478.632965	 84.948532	 389.074921	 498.713898	 71.749344
524.267700	 440.988037	 95.907501	 492.925995	 521.502869	 102.619194	 389.771301	 518.843872	 83.800751	 388.405945	 478.634552	 84.941872	 389.077271	 498.715179	 71.751144
517.495239	 442.621155	 95.410645	 487.134308	 524.363464	 101.091995	 389.774048	 518.840271	 83.800896	 388.406982	 478.630981	 84.943436	 389.078979	 498.714172	 71.750015
511.144409	 444.028900	 94.916542	 481.744293	 526.903625	 99.165375	 389.775146	 518.840637	 83.804680	 388.407471	 478.630005	 84.945328	 389.079071	 498.712311	 71.751968
505.203430	 445.098297	 94.269249	 476.693115	 529.049866	 97.022621	 389.775848	 518.841980	 83.807289	 388.404633	 478.632385	 84.951912	 389.077209	 498.713684	 71.758987
499.658813	 445.789093	 93.353477	 471.911407	 530.754272	 94.926361	 389.777161	 518.839355	 83.802284	 388.409485	 478.632019	 84.948441	 389.079498	 498.714569	 71.753792
494.467346	 446.146912	 92.148705	 467.323822	 532.038452	 93.088799	 389.777222	 518.841309	 83.801010	 388.408325	 478.632965	 84.947189	 389.080872	 498.715424	 71.751083
489.576385	 446.270844	 90.713127	 462.928864	 532.992432	 91.543907	 389.776001	 518.840759	 83.807137	 388.405701	 478.633423	 84.947037	 389.076813	 498.714478	 71.757339
484.944183	 446.255829	 89.180908	 458.789581	 533.762939	 90.122665	 389.776184	 518.839539	 83.805717	 388.407501	 478.632324	 84.948769	 389.076111	 498.711090	 71.757919
480.545227	 446.163635	 87.686302	 454.943817	 534.440613	 88.629456	 389.776672	 518.842651	 83.798233	 388.405701	 478.634064	 84.946671	 389.075653	 498.713928	 71.752373
476.367188	 446.032562	 86.291870	 451.388397	 535.095459	 87.020485	 389.777313	 518.840332	 83.798828	 388.406677	 478.632660	 84.941902	 389.075562	 498.715942	 71.750183
472.397827	 445.880981	 84.993347	 448.101929	 535.798889	 85.339165	 389.775208	 518.838684	 83.801193	 388.405243	 478.630737	 84.947289	 389.078491	 498.713379	 71.755630
468.621002	 445.777313	 83.750504	 445.057159	 536.535339	 83.629036	 389.770447	 518.841248	 83.801170	 388.401062	 478.631897	 84.947464	 389.073303	 498.712860	 71.757492
465.024017	 445.748230	 82.553223	 442.222168	 537.269348	 81.930992	 389.769318	 518.841064	 83.797691	 388.398407	 478.629669	 84.945320	 389.069458	 498.709473	 71.755249
461.585846	 445.786438	 81.402031	 439.586060	 538.011414	 80.285484	 389.762756	 518.841492	 83.798264	 388.393738	 478.631256	 84.943176	 389.066711	 498.711365	 71.749214
458.311279	 445.880219	 80.209839	 437.144257	 538.740662	 78.679764	 389.756927	 518.838928	 83.801529	 388.389954	 478.632629	 84.946358	 389.064423	 498.714233	 71.746201
455.215271	 446.010651	 78.920891	 434.854218	 539.405273	 77.113129	 389.757172	 518.837280	 83.800270	 388.387695	 478.628387	 84.948898	 389.061401	 498.709442	 71.754265
452.283661	 446.214996	 77.618958	 432.700684	 539.994995	 75.562843	 389.754669	 518.839783	 83.798248	 388.383728	 478.630035	 84.947502	 389.056335	 498.711731	 71.753883
449.494904	 446.563080	 76.415642	 430.716492	 540.548584	 74.041260	 389.748962	 518.837280	 83.800018	 388.382690	 478.630188	 84.944199	 389.052032	 498.711700	 71.753754
446.848755	 447.080261	 75.396423	 428.895203	 541.077087	 72.601768	 389.745972	 518.836975	 83.796280	 388.376709	 478.627289	 84.943825	 389.050385	 498.709991	 71.746964
444.368530	 447.775879	 74.580597	 427.162323	 541.474121	 71.317513	 389.743408	 518.838440	 83.797356	 388.369232	 478.628326	 84.949379	 389.044495	 498.711151	 71.749519
442.075348	 448.597839	 73.939095	 425.417358	 541.546448	 70.240990	 389.742981	 518.835449	 83.800652	 388.370209	 478.626862	 84.951942	 389.041870	 498.708008	 71.755745
439.992279	 449.394745	 73.385162	 423.713898	 541.285522	 69.211800	 389.743591	 518.836792	 83.797455	 388.370453	 478.627197	 84.953110	 389.043793	 498.706848	 71.750366
438.109955	 450.066650	 72.825691	 422.180878	 540.850464	 68.036903	 389.743225	 518.837830	 83.800842	 388.372101	 478.629089	 84.950310	 389.044281	 498.710022	 71.750748
436.401764	 450.585754	 72.198067	 420.827393	 540.310608	 66.692406	 389.745361	 518.836609	 83.801323	 388.374847	 478.626984	 84.951302	 389.044678	 498.707825	 71.756744
434.814789	 450.992004	 71.502823	 419.673584	 539.768188	 65.284340	 389.736603	 518.837646	 83.795181	 388.367004	 478.627197	 84.947594	 389.038635	 498.709167	 71.754532
433.326904	 451.378082	 70.773674	 418.861420	 539.530884	 64.075134	 389.727875	 518.834473	 83.794098	 388.355743	 478.625732	 84.947075	 389.031738	 498.710510	 71.749527
431.928589	 451.901672	 70.103073	 418.218964	 539.419434	 63.242954	 389.721008	 518.833252	 83.797493	 388.349426	 478.623779	 84.948906	 389.031921	 498.707245	 71.742981
430.616364	 452.571381	 69.572609	 417.585083	 539.225891	 62.602066	 389.717346	 518.834351	 83.799706	 388.347748	 478.625122	 84.944061	 389.028320	 498.707153	 71.742905
429.393494	 453.276215	 69.110649	 417.020111	 539.055176	 61.984432	 389.722565	 518.831604	 83.792824	 388.351959	 478.623108	 84.943306	 389.029999	 498.707245	 71.743271
428.247803	 453.999939	 68.580383	 416.488007	 538.929260	 61.371506	 389.724518	 518.830322	 83.791115	 388.355042	 478.620758	 84.941849	 389.028534	 498.704254	 71.748154
427.165222	 454.764801	 67.947701	 415.975739	 538.811340	 60.733452	 389.721313	 518.830872	 83.795860	 388.351990	 478.620026	 84.944084	 389.027679	 498.703522	 71.748802
426.141632	 455.581940	 67.259193	 415.552612	 538.718628	 60.098885	 389.719147	 518.829651	 83.795700	 388.349518	 478.619232	 84.941589	 389.027588	 498.703186	 71.741745
425.171234	 456.463165	 66.536751	 415.270325	 538.656921	 59.490597	 389.717346	 518.830872	 83.796440	 388.347931	 478.622894	 84.943428	 389.021332	 498.703796	 71.745445
424.247040	 457.302887	 65.865471	 415.119080	 538.603638	 58.965385	 389.708069	 518.834045	 83.793495	 388.337311	 478.627167	 84.944008	 389.011505	 498.707611	 71.748322
423.404053	 457.925385	 65.381317	 415.032471	 538.515808	 58.679001	 389.679535	 518.838989	 83.783661	 388.310913	 478.630463	 84.939354	 388.987549	 498.710968	 71.740532
422.668121	 458.361572	 65.127678	 415.041260	 538.464478	 58.756733	 389.601990	 518.845398	 83.767761	 388.244324	 478.635559	 84.933212	 388.922699	 498.716583	 71.726570
422.013916	 458.736664	 65.002586	 415.162201	 538.521118	 59.019840	 389.453308	 518.837097	 83.758034	 388.127563	 478.627228	 84.931023	 388.797974	 498.708588	 71.721809
421.427277	 459.116699	 64.894928	 415.313751	 538.625671	 59.269661	 389.255188	 518.816284	 83.747612	 387.975189	 478.602295	 84.920967	 388.629944	 498.681946	 71.714554
420.898071	 459.552460	 64.863808	 415.429871	 538.679749	 59.451767	 389.049194	 518.778137	 83.736885	 387.794830	 478.563843	 84.906235	 388.442352	 498.641815	 71.711967
420.432159	 459.920929	 64.913483	 415.455017	 538.621094	 59.562134	 388.880402	 518.709412	 83.738632	 387.624969	 478.496307	 84.907654	 388.278839	 498.577667	 71.711792
420.031372	 460.187317	 65.015427	 415.403534	 538.496765	 59.632282	 388.727264	 518.620178	 83.745796	 387.464813	 478.406097	 84.910080	 388.132294	 498.488831	 71.706345
419.687408	 460.372620	 65.126427	 415.281708	 538.360352	 59.706875	 388.531128	 518.526367	 83.744362	 387.260773	 478.313416	 84.900116	 387.944122	 498.395294	 71.701645
419.386597	 460.503113	 65.212814	 415.130371	 538.253113	 59.776928	 388.300476	 518.449219	 83.724571	 387.026398	 478.235840	 84.894089	 387.730042	 498.319183	 71.687271
419.116180	 460.625092	 65.299431	 415.002808	 538.193298	 59.838417	 388.076782	 518.409058	 83.718445	 386.812378	 478.196686	 84.875801	 387.536926	 498.278778	 71.666679
418.876923	 460.757568	 65.399139	 414.905243	 538.160767	 59.905094	 387.885254	 518.403076	 83.719368	 386.627533	 478.190765	 84.850769	 387.368439	 498.272369	 71.663551
418.651306	 460.872498	 65.519081	 414.809113	 538.137756	 59.964764	 387.704346	 518.409729	 83.705498	 386.437500	 478.194611	 84.846642	 387.207062	 498.274506	 71.658821
418.421661	 460.955078	 65.659813	 414.671631	 538.108643	 60.041210	 387.481293	 518.421082	 83.694717	 386.195404	 478.207489	 84.842255	 387.009705	 498.282593	 71.646729
418.174896	 461.011200	 65.824959	 414.509277	 538.071533	 60.144085	 387.222656	 518.432434	 83.694504	 385.903015	 478.223175	 84.831184	 386.769073	 498.296387	 71.652733
417.914490	 461.045227	 66.025520	 414.338013	 538.030029	 60.275517	 386.943298	 518.437683	 83.700859	 385.588409	 478.231232	 84.830551	 386.525299	 498.307220	 71.659462
417.643768	 461.058990	 66.266159	 414.166290	 537.970337	 60.470642	 386.649963	 518.429382	 83.744217	 385.256042	 478.225006	 84.852837	 386.277130	 498.305511	 71.685242
417.379761	 461.047424	 66.588165	 414.006805	 537.891968	 60.764423	 386.362671	 518.406433	 83.863091	 384.921021	 478.203369	 84.956184	 386.034058	 498.285156	 71.789925
417.122589	 461.031189	 67.070297	 413.846588	 537.811584	 61.210758	 386.084229	 518.393372	 84.098785	 384.587646	 478.190582	 85.211632	 385.800049	 498.267090	 72.036430
416.876984	 461.031647	 67.782585	 413.699585	 537.738953	 61.823334	 385.831268	 518.410522	 84.512276	 384.282196	 478.211884	 85.657936	 385.583710	 498.272186	 72.473732
416.647247	 461.046753	 68.750435	 413.600067	 537.684998	 62.586014	 385.629486	 518.487427	 85.142952	 384.016174	 478.293243	 86.369896	 385.407593	 498.316345	 73.143616
416.434021	 461.089813	 69.984581	 413.529785	 537.662964	 63.534023	 385.496613	 518.653992	 86.004585	 383.788055	 478.469666	 87.391281	 385.273651	 498.433594	 74.082314
416.234894	 461.161285	 71.504631	 413.478607	 537.670166	 64.672157	 385.416138	 518.890686	 87.105301	 383.597015	 478.720703	 88.707466	 385.157349	 498.604675	 75.304039
416.046021	 461.235352	 73.326401	 413.405975	 537.690613	 66.054733	 385.351196	 519.143250	 88.471336	 383.425110	 478.986633	 90.323776	 385.043152	 498.777985	 76.805412
415.862671	 461.296570	 75.374435	 413.320709	 537.693237	 67.691261	 385.307953	 519.367798	 90.126648	 383.281158	 479.227753	 92.241295	 384.941498	 498.929626	 78.590340
415.698029	 461.309875	 77.605965	 413.246979	 537.656555	 69.523384	 385.288666	 519.531677	 92.071625	 383.171448	 479.406342	 94.429520	 384.852051	 499.029907	 80.647415
415.537354	 461.255707	 80.007805	 413.134796	 537.560913	 71.581612	 385.264374	 519.603638	 94.271034	 383.085968	 479.496277	 96.818253	 384.754089	 499.050354	 82.933716
415.358154	 461.126068	 82.481400	 412.960907	 537.396484	 73.872063	 385.204956	 519.557556	 96.685265	 383.001068	 479.466248	 99.359688	 384.626373	 498.971100	 85.428146
415.164307	 460.915497	 85.068146	 412.722809	 537.166443	 76.387947	 385.086121	 519.384338	 99.314072	 382.880798	 479.295990	 102.064575	 384.454376	 498.777771	 88.100769
414.945831	 460.622101	 87.776985	 412.421082	 536.872925	 79.153145	 384.897064	 519.073669	 102.178848	 382.723328	 478.984772	 104.907593	 384.239075	 498.474365	 90.941536
414.713623	 460.257996	 90.637955	 412.069977	 536.511353	 82.197594	 384.655731	 518.632690	 105.264534	 382.534668	 478.532166	 107.894203	 383.986725	 498.064240	 93.977104
414.464569	 459.838470	 93.693336	 411.671722	 536.101990	 85.544067	 384.364502	 518.093811	 108.596939	 382.319336	 477.978699	 111.063377	 383.698639	 497.571381	 97.232010
414.209991	 459.393341	 97.011932	 411.260254	 535.668030	 89.178062	 384.051239	 517.512085	 112.186897	 382.080017	 477.384918	 114.450226	 383.396515	 497.046539	 100.711792
413.966034	 458.942200	 100.624062	 410.870697	 535.226929	 93.098366	 383.734863	 516.929810	 116.020111	 381.823273	 476.791046	 118.089508	 383.093079	 496.520294	 104.442482
413.724609	 458.509094	 104.499016	 410.504150	 534.807983	 97.258469	 383.434814	 516.378601	 120.105988	 381.582550	 476.231689	 122.000671	 382.808868	 496.021301	 108.428589
413.521393	 458.131805	 108.733688	 410.163666	 534.433472	 101.651878	 383.155396	 515.905457	 124.431473	 381.352936	 475.743042	 126.215576	 382.544250	 495.580322	 112.696663
413.345215	 457.798859	 113.320778	 409.824707	 534.091309	 106.283119	 382.870178	 515.488342	 129.007645	 381.132233	 475.317627	 130.729965	 382.282471	 495.182953	 117.244102
413.173004	 457.501862	 118.138206	 409.492584	 533.776855	 111.151672	 382.616577	 515.123779	 133.838821	 380.959534	 474.951721	 135.546814	 382.054138	 494.817291	 122.071831
413.055145	 457.232971	 123.307938	 409.192413	 533.481873	 116.263535	 382.415344	 514.813049	 138.949326	 380.838654	 474.641052	 140.690369	 381.869965	 494.496552	 127.195068
412.993500	 456.968719	 128.763397	 408.930450	 533.186523	 121.605598	 382.280945	 514.514709	 144.360397	 380.788818	 474.339417	 146.173447	 381.741394	 494.175842	 132.645004
412.983002	 456.695099	 134.448883	 408.702698	 532.881714	 127.205772	 382.217316	 514.201904	 150.084167	 380.817780	 474.024109	 151.983459	 381.670807	 493.841095	 138.417786
413.033447	 456.383728	 140.392426	 408.509827	 532.544373	 133.085373	 382.226868	 513.842102	 156.118301	 380.929901	 473.666107	 158.081970	 381.659363	 493.467773	 144.486160
413.147675	 456.015350	 146.547913	 408.359711	 532.161438	 139.243515	 382.309174	 513.409668	 162.462097	 381.131439	 473.232269	 164.459396	 381.709839	 493.027130	 150.848785
413.319458	 455.579803	 152.880264	 408.259705	 531.718811	 145.684937	 382.469727	 512.886047	 169.114426	 381.420044	 472.701874	 171.097778	 381.826385	 492.507202	 157.494843
413.557434	 455.056793	 159.355209	 408.224976	 531.203247	 152.396561	 382.728760	 512.247009	 176.056931	 381.807739	 472.054138	 177.954193	 382.021301	 491.896271	 164.396103
413.866547	 454.452454	 165.939407	 408.243866	 530.617859	 159.359863	 383.074463	 511.488647	 183.238815	 382.293488	 471.282867	 184.978058	 382.293762	 491.184448	 171.500290
414.235229	 453.783844	 172.629166	 408.314362	 529.966003	 166.526840	 383.491302	 510.617676	 190.614883	 382.859985	 470.401520	 192.133743	 382.637451	 490.381012	 178.767609
414.668335	 453.059143	 179.402145	 408.452362	 529.260254	 173.827820	 383.981140	 509.658966	 198.133667	 383.506348	 469.431946	 199.386353	 383.049103	 489.502563	 186.159149
415.163116	 452.298401	 186.246704	 408.650116	 528.514526	 181.229187	 384.538727	 508.653778	 205.731628	 384.215302	 468.414459	 206.703903	 383.528839	 488.578552	 193.620544
415.725128	 451.512360	 193.144180	 408.917480	 527.734863	 188.678238	 385.162598	 507.622406	 213.355972	 384.990479	 467.376953	 214.064041	 384.079254	 487.626953	 201.120941
416.360107	 450.698212	 200.083206	 409.265900	 526.922791	 196.119736	 385.868378	 506.575256	 220.968369	 385.837036	 466.321594	 221.447357	 384.707245	 486.652374	 208.639206
417.071869	 449.853699	 207.049011	 409.701752	 526.082153	 203.532471	 386.656403	 505.526093	 228.563217	 386.756622	 465.272278	 228.833679	 385.420227	 485.667816	 216.145462
417.872406	 448.997101	 214.034943	 410.236053	 525.223206	 210.898895	 387.530212	 504.487793	 236.111099	 387.761353	 464.235138	 236.207108	 386.225769	 484.677856	 223.616074
418.765167	 448.134186	 221.013977	 410.879456	 524.355286	 218.196487	 388.506042	 503.473663	 243.585831	 388.855530	 463.217102	 243.553818	 387.132599	 483.698669	 231.036301
419.742767	 447.264160	 227.974716	 411.659088	 523.484985	 225.401474	 389.611786	 502.501129	 250.967972	 390.050690	 462.247131	 250.840805	 388.152313	 482.753632	 238.390808
420.820404	 446.390594	 234.890472	 412.586639	 522.608643	 232.501663	 390.854492	 501.561676	 258.257874	 391.348083	 461.310547	 258.075989	 389.296600	 481.830109	 245.672455
421.998810	 445.500458	 241.713150	 413.637939	 521.717102	 239.499878	 392.212280	 500.625793	 265.446594	 392.741608	 460.374054	 265.226227	 390.548828	 480.907532	 252.859528
423.259094	 444.572601	 248.413116	 414.781372	 520.786560	 246.393829	 393.654022	 499.648560	 272.514099	 394.222107	 459.396851	 272.226013	 391.891968	 479.950348	 259.909149
424.587463	 443.593750	 254.934967	 415.999512	 519.805176	 253.149490	 395.165192	 498.613403	 279.420715	 395.767822	 458.361969	 279.048340	 393.304413	 478.936127	 266.791687
425.951996	 442.573700	 261.258606	 417.276672	 518.792175	 259.741791	 396.722290	 497.536438	 286.143738	 397.348907	 457.287506	 285.673370	 394.765167	 477.887177	 273.474152
427.334717	 441.524017	 267.340759	 418.589722	 517.745483	 266.139435	 398.298431	 496.409271	 292.651581	 398.945129	 456.164642	 292.052704	 396.245605	 476.798187	 279.936890
428.714020	 440.442413	 273.159393	 419.890167	 516.665894	 272.322113	 399.861053	 495.230469	 298.901917	 400.523682	 454.986328	 298.154999	 397.714966	 475.663025	 286.139374
430.066864	 439.359039	 278.691437	 421.158783	 515.574280	 278.249359	 401.371613	 494.019989	 304.879303	 402.060913	 453.780975	 303.963715	 399.146790	 474.509674	 292.043884
431.378479	 438.291718	 283.918823	 422.379578	 514.493774	 283.870697	 402.819397	 492.820007	 310.540680	 403.539642	 452.584412	 309.463257	 400.524323	 473.362274	 297.639526
432.626953	 437.263458	 288.841736	 423.528320	 513.462769	 289.150085	 404.188171	 491.671173	 315.847321	 404.947266	 451.437805	 314.615051	 401.831635	 472.257782	 302.890259
433.819733	 436.310822	 293.428497	 424.597015	 512.495789	 294.051636	 405.467590	 490.595062	 320.782928	 406.288055	 450.372162	 319.403809	 403.063660	 471.223175	 307.769409
434.945496	 435.445038	 297.696594	 425.580933	 511.611847	 298.550293	 406.664856	 489.624023	 325.323395	 407.549225	 449.407806	 323.856262	 404.221405	 470.278809	 312.274353
436.002380	 434.678284	 301.627716	 426.482208	 510.832916	 302.634491	 407.775177	 488.783020	 329.467896	 408.727661	 448.566620	 327.965485	 405.296814	 469.445679	 316.417480
436.986389	 434.013092	 305.181793	 427.285736	 510.146240	 306.300598	 408.783630	 488.049591	 333.212189	 409.820282	 447.834320	 331.691620	 406.279510	 468.711182	 320.176758
437.872131	 433.428436	 308.351898	 427.968109	 509.543945	 309.531464	 409.666168	 487.401154	 336.535156	 410.802856	 447.189270	 334.999908	 407.149963	 468.056732	 323.504974
438.636627	 432.930145	 311.112793	 428.527618	 509.031219	 312.317932	 410.407227	 486.844208	 339.415497	 411.651703	 446.637115	 337.882446	 407.896851	 467.490997	 326.388062
439.276337	 432.527802	 313.427460	 428.969208	 508.611145	 314.637238	 411.010040	 486.386780	 341.831726	 412.361176	 446.185211	 340.315125	 408.506989	 467.024963	 328.816284
439.776031	 432.220398	 315.284912	 429.290710	 508.293671	 316.472504	 411.478424	 486.044159	 343.764160	 412.922577	 445.841736	 342.275574	 408.977478	 466.665619	 330.768768
440.134613	 432.015076	 316.666321	 429.500824	 508.081207	 317.818939	 411.812286	 485.814545	 345.200134	 413.335541	 445.612762	 343.744568	 409.313843	 466.417938	 332.230072
440.365051	 431.906006	 317.556061	 429.611847	 507.968475	 318.664398	 412.025085	 485.695313	 346.130829	 413.613312	 445.496613	 344.703918	 409.525604	 466.282715	 333.185974
440.458954	 431.893860	 317.936432	 429.640839	 507.958862	 318.992371	 412.138245	 485.694855	 346.536102	 413.760162	 445.496643	 345.149200	 409.627563	 466.267731	 333.619049
440.415375	 431.955475	 317.785950	 429.600067	 508.037109	 318.788452	 412.151062	 485.790588	 346.410553	 413.770264	 445.590088	 345.065338	 409.615265	 466.352570	 333.522797
440.226471	 432.062195	 317.077911	 429.463226	 508.170319	 318.068207	 412.035889	 485.934906	 345.748596	 413.628357	 445.731049	 344.410156	 409.468506	 466.493164	 332.877228
439.872833	 432.207275	 315.768158	 429.203705	 508.338837	 316.824127	 411.751984	 486.095520	 344.524658	 413.299438	 445.891388	 343.149200	 409.160095	 466.666412	 331.632263
439.335632	 432.381561	 313.861511	 428.794342	 508.540710	 315.027557	 411.272278	 486.268768	 342.695862	 412.752258	 446.064148	 341.262268	 408.662109	 466.867035	 329.765167
438.605103	 432.590607	 311.369507	 428.224091	 508.787628	 312.661591	 410.573578	 486.471039	 340.251373	 411.974518	 446.266113	 338.732269	 407.952759	 467.103302	 327.284180
437.701996	 432.852081	 308.305115	 427.493927	 509.080353	 309.746307	 409.646515	 486.712921	 337.213562	 410.970215	 446.509705	 335.581726	 407.037689	 467.383545	 324.185425
436.648132	 433.171448	 304.715668	 426.604401	 509.421936	 306.303986	 408.511414	 487.001373	 333.596863	 409.757996	 446.801147	 331.854462	 405.947571	 467.717712	 320.491272
435.472931	 433.568817	 300.661316	 425.579773	 509.842285	 302.338379	 407.197662	 487.379089	 329.429321	 408.369324	 447.177765	 327.596466	 404.694794	 468.131378	 316.261108
434.200775	 434.062012	 296.184540	 424.451813	 510.356140	 297.867035	 405.743500	 487.880371	 324.752625	 406.856262	 447.682129	 322.858459	 403.329193	 468.658691	 311.524414
432.870880	 434.656372	 291.301300	 423.250763	 510.962097	 292.921295	 404.199219	 488.507080	 319.605713	 405.264618	 448.310669	 317.697540	 401.892731	 469.297058	 306.338440
431.517151	 435.334869	 286.073181	 422.007416	 511.653412	 287.551086	 402.608154	 489.246979	 314.030884	 403.622101	 449.043549	 312.165253	 400.407379	 470.026245	 300.761841
430.143127	 436.070709	 280.540192	 420.737854	 512.404602	 281.818665	 400.989166	 490.063416	 308.091858	 401.957153	 449.857025	 306.292389	 398.904297	 470.829102	 294.823547
428.767365	 436.854218	 274.711029	 419.451782	 513.201111	 275.772858	 399.361877	 490.932953	 301.841827	 400.296448	 450.723114	 300.107056	 397.399139	 471.680023	 288.578979
427.401550	 437.689056	 268.618744	 418.167542	 514.044617	 269.445221	 397.741974	 491.849426	 295.314789	 398.647858	 451.638031	 293.654572	 395.903687	 472.572662	 282.069733
426.050446	 438.565521	 262.291809	 416.909393	 514.928955	 262.879974	 396.150940	 492.810791	 288.552551	 397.019531	 452.595459	 286.977295	 394.430847	 473.509094	 275.327667
424.722687	 439.475616	 255.754318	 415.702789	 515.853210	 256.117889	 394.614807	 493.820221	 281.586212	 395.425537	 453.596802	 280.106293	 393.002747	 474.491913	 268.383728
423.414093	 440.406586	 249.022736	 414.567902	 516.799622	 249.182236	 393.145874	 494.853149	 274.457092	 393.881409	 454.625824	 273.047333	 391.624969	 475.507721	 261.277863
422.146118	 441.328369	 242.100769	 413.492462	 517.732910	 242.115402	 391.743835	 495.856964	 267.191254	 392.394836	 455.627960	 265.812775	 390.305389	 476.507904	 254.013977
420.922241	 442.222992	 235.027039	 412.468384	 518.642029	 234.944092	 390.391144	 496.816223	 259.801910	 390.958832	 456.587158	 258.424438	 389.044159	 477.470093	 246.599350
419.736298	 443.094849	 227.848648	 411.505981	 519.524536	 227.676895	 389.087372	 497.750549	 252.312210	 389.562714	 457.522461	 250.906723	 387.824524	 478.407318	 239.081558
418.609375	 443.941681	 220.603256	 410.601929	 520.384521	 220.340698	 387.836243	 498.668335	 244.729111	 388.208130	 458.438385	 243.322449	 386.657196	 479.328766	 231.484528
417.560486	 444.764557	 213.356155	 409.750061	 521.221619	 212.980881	 386.646118	 499.564697	 237.093033	 386.921875	 459.330688	 235.711533	 385.564972	 480.224854	 223.842941
416.617554	 445.567780	 206.157288	 408.979126	 522.033264	 205.623993	 385.532227	 500.436462	 229.481659	 385.741577	 460.206909	 228.115677	 384.564453	 481.093353	 216.225677
415.805908	 446.361359	 199.064133	 408.297699	 522.832336	 198.312653	 384.529602	 501.310242	 221.922897	 384.686401	 461.081543	 220.617752	 383.679565	 481.949066	 208.687714
415.121826	 447.157501	 192.129105	 407.726990	 523.629333	 191.070480	 383.666290	 502.211823	 214.459625	 383.769196	 461.975098	 213.272583	 382.926331	 482.811005	 201.270981
414.565918	 447.943237	 185.385712	 407.279144	 524.413696	 183.919388	 382.949097	 503.130615	 207.139206	 383.002991	 462.893158	 206.118179	 382.306946	 483.673981	 194.027542
414.122040	 448.697418	 178.858688	 406.924835	 525.172058	 176.903076	 382.352051	 504.042725	 199.999283	 382.363342	 463.804108	 199.195206	 381.806000	 484.514465	 186.992203
413.774536	 449.402191	 172.554779	 406.620422	 525.868347	 170.067322	 381.841187	 504.899872	 193.066650	 381.823975	 464.652985	 192.513733	 381.387146	 485.291351	 180.177582
413.512054	 450.033203	 166.476639	 406.344940	 526.480896	 163.458557	 381.391205	 505.656494	 186.373993	 381.376160	 465.405945	 186.074036	 381.033173	 485.966736	 173.605286
413.305603	 450.585083	 160.637726	 406.108429	 527.017273	 157.096909	 380.995789	 506.321930	 179.949677	 381.003265	 466.073608	 179.886261	 380.734802	 486.554443	 167.295685
413.147797	 451.078644	 155.018570	 405.937469	 527.490295	 150.989761	 380.691345	 506.921967	 173.792633	 380.706970	 466.674042	 173.974091	 380.506531	 487.078552	 161.256073
413.038483	 451.519897	 149.639099	 405.843567	 527.911926	 145.160583	 380.472260	 507.469543	 167.938339	 380.488861	 467.223358	 168.344254	 380.351959	 487.553497	 155.516464
412.964172	 451.902008	 144.542480	 405.814667	 528.282043	 139.649048	 380.323242	 507.959564	 162.407852	 380.325623	 467.717590	 163.013901	 380.251740	 487.981750	 150.087708
412.934052	 452.229340	 139.693756	 405.835022	 528.592102	 134.475052	 380.235352	 508.377106	 157.198380	 380.209106	 468.137024	 157.979050	 380.205139	 488.348724	 144.958786
412.933777	 452.500122	 135.108948	 405.894104	 528.855164	 129.617172	 380.184448	 508.731018	 152.308853	 380.133759	 468.492920	 153.213699	 380.195068	 488.661224	 140.129974
412.942596	 452.727753	 130.774170	 405.989563	 529.080994	 125.071999	 380.172852	 509.033112	 147.711853	 380.086395	 468.797333	 148.716553	 380.210052	 488.934021	 135.576279
412.963196	 452.926147	 126.662476	 406.100372	 529.278076	 120.842033	 380.186310	 509.292877	 143.405975	 380.055054	 469.062256	 144.467941	 380.245728	 489.177246	 131.305908
412.975647	 453.111816	 122.790413	 406.228363	 529.470703	 116.885986	 380.215515	 509.540558	 139.376358	 380.022186	 469.308777	 140.476913	 380.285919	 489.414642	 127.296272
412.979553	 453.307739	 119.141296	 406.365204	 529.670044	 113.184181	 380.255371	 509.798676	 135.600739	 379.987762	 469.566101	 136.718063	 380.330566	 489.667664	 123.520912
412.968811	 453.516266	 115.696976	 406.499451	 529.885742	 109.715134	 380.284851	 510.064697	 132.051956	 379.947327	 469.835785	 133.170609	 380.360352	 489.930939	 119.981018
412.937714	 453.738861	 112.437019	 406.610291	 530.117126	 106.457779	 380.297974	 510.332581	 128.711395	 379.889740	 470.103058	 129.828247	 380.370575	 490.197540	 116.643898
412.896240	 453.975586	 109.371651	 406.697357	 530.361572	 103.397095	 380.303101	 510.602661	 125.586708	 379.832458	 470.373260	 126.681931	 380.373657	 490.473083	 113.506248
412.860291	 454.251404	 106.486008	 406.782379	 530.642212	 100.517738	 380.314301	 510.905609	 122.666565	 379.780457	 470.676727	 123.753372	 380.379761	 490.781250	 110.577293
412.817993	 454.577820	 103.806702	 406.877991	 530.972290	 97.805092	 380.347351	 511.274139	 119.938591	 379.751099	 471.051056	 121.028275	 380.386414	 491.146118	 107.861946
412.774658	 454.932404	 101.334000	 406.974152	 531.328918	 95.253464	 380.396484	 511.689240	 117.394890	 379.732483	 471.465149	 118.534615	 380.403534	 491.551941	 105.343437
412.740448	 455.302704	 99.035225	 407.055542	 531.701538	 92.890404	 380.448486	 512.120789	 115.044395	 379.718750	 471.895599	 116.238235	 380.423492	 491.969299	 103.020050
412.712524	 455.683868	 96.895561	 407.130920	 532.079163	 90.697853	 380.501099	 512.552124	 112.890366	 379.721680	 472.332123	 114.099503	 380.434937	 492.388794	 100.883003
412.688446	 456.061310	 94.930222	 407.195007	 532.456360	 88.684654	 380.556366	 512.973145	 110.901306	 379.726990	 472.754883	 112.144615	 380.458984	 492.802521	 98.910004
412.677094	 456.445862	 93.122932	 407.274200	 532.849182	 86.831230	 380.621826	 513.404297	 109.075462	 379.746002	 473.186157	 110.359184	 380.492126	 493.223633	 97.102608
412.675690	 456.847015	 91.461746	 407.381622	 533.259705	 85.113274	 380.706360	 513.860352	 107.411545	 379.777618	 473.643280	 108.726433	 380.536957	 493.673798	 95.453735
412.676147	 457.254089	 89.943199	 407.505066	 533.683411	 83.537163	 380.812683	 514.336426	 105.882713	 379.821564	 474.122009	 107.224884	 380.601776	 494.143555	 93.937447
412.687775	 457.666626	 88.508423	 407.642883	 534.113525	 82.075790	 380.934296	 514.816589	 104.465324	 379.878174	 474.605316	 105.820000	 380.671997	 494.614349	 92.533920
412.708069	 458.063019	 87.152916	 407.784058	 534.521851	 80.720192	 381.062012	 515.269958	 103.142937	 379.938690	 475.061127	 104.495071	 380.747772	 495.065979	 91.215790
412.734161	 458.429993	 85.863548	 407.922363	 534.905090	 79.454346	 381.182007	 515.682312	 101.898918	 379.999268	 475.474548	 103.239555	 380.832031	 495.485291	 89.960182
412.767242	 458.772614	 84.621849	 408.050476	 535.265991	 78.241776	 381.290253	 516.054077	 100.706116	 380.058472	 475.848236	 102.027580	 380.909271	 495.865356	 88.755211
412.812195	 459.098541	 83.418953	 408.171143	 535.606201	 77.078506	 381.391541	 516.398682	 99.547256	 380.122162	 476.194244	 100.849510	 380.981903	 496.215851	 87.599556
412.868439	 459.427612	 82.259560	 408.297943	 535.951111	 75.950058	 381.495148	 516.755066	 98.415016	 380.191528	 476.548492	 99.702255	 381.064545	 496.573578	 86.465965
412.933289	 459.768646	 81.134644	 408.439850	 536.305969	 74.835823	 381.606140	 517.130249	 97.294907	 380.264618	 476.924072	 98.578384	 381.165649	 496.954163	 85.332924
413.002777	 460.118042	 80.043114	 408.588470	 536.670532	 73.737709	 381.721710	 517.507935	 96.184303	 380.337524	 477.306305	 97.472244	 381.265076	 497.337646	 84.220650
413.080750	 460.479980	 78.971741	 408.735046	 537.047974	 72.650093	 381.837585	 517.899109	 95.086853	 380.418243	 477.702576	 96.363792	 381.367706	 497.731873	 83.119362
413.163239	 460.846802	 77.906723	 408.888031	 537.422302	 71.590096	 381.956116	 518.299377	 94.001282	 380.502380	 478.105286	 95.269012	 381.475983	 498.132568	 82.030991
413.253876	 461.208649	 76.862122	 409.045593	 537.795471	 70.547455	 382.081268	 518.697327	 92.929405	 380.590668	 478.501953	 94.197006	 381.586884	 498.525116	 80.965660
413.345306	 461.564178	 75.842392	 409.208466	 538.171997	 69.515213	 382.210297	 519.092224	 91.871231	 380.683990	 478.893555	 93.141609	 381.701416	 498.916412	 79.917892
413.447998	 461.916077	 74.842194	 409.371796	 538.543579	 68.518494	 382.348175	 519.475708	 90.844070	 380.784760	 479.276489	 92.117165	 381.827972	 499.302887	 78.894936
413.573364	 462.273407	 73.857506	 409.529236	 538.916626	 67.554184	 382.491394	 519.849792	 89.861588	 380.905426	 479.650787	 91.122574	 381.965485	 499.683167	 77.894592
413.710114	 462.628632	 72.886742	 409.679993	 539.282043	 66.613899	 382.630005	 520.200867	 88.918877	 381.042328	 480.004761	 90.146370	 382.104065	 500.042511	 76.931602
413.861145	 462.964233	 71.939423	 409.812103	 539.625427	 65.697090	 382.764618	 520.515198	 87.990532	 381.186310	 480.317261	 89.198006	 382.246857	 500.363586	 75.992874
414.024231	 463.286652	 70.992630	 409.937439	 539.960022	 64.789833	 382.895142	 520.808105	 87.081360	 381.337158	 480.606354	 88.267532	 382.391663	 500.665619	 75.060402
414.190063	 463.605347	 70.057602	 410.086823	 540.286621	 63.873638	 383.049194	 521.101379	 86.174683	 381.506653	 480.900543	 87.342972	 382.546204	 500.963440	 74.141464
414.372223	 463.911743	 69.120224	 410.263458	 540.603882	 62.938076	 383.236938	 521.398376	 85.261436	 381.699768	 481.194489	 86.431145	 382.723785	 501.257538	 73.228294
414.567261	 464.194336	 68.172783	 410.446381	 540.902222	 61.994408	 383.430756	 521.669434	 84.356308	 381.914215	 481.464874	 85.505219	 382.916016	 501.534943	 72.307808
414.845612	 464.438904	 67.398819	 410.674774	 541.170044	 61.114059	 383.773987	 521.907349	 83.680702	 382.293579	 481.696594	 84.842438	 383.229095	 501.757721	 71.673195
415.267395	 464.628143	 67.141052	 411.024933	 541.379944	 60.991375	 384.264282	 522.084656	 83.744293	 382.828461	 481.878540	 84.908081	 383.665955	 501.940399	 71.719566
415.683746	 464.776093	 67.063309	 411.425873	 541.568298	 60.972755	 384.777008	 522.234680	 83.950485	 383.352478	 482.030792	 85.127769	 384.065857	 502.099670	 71.927216
416.007263	 464.809235	 66.812004	 411.656006	 541.671265	 60.808128	 385.067322	 522.287354	 83.919022	 383.674438	 482.082123	 85.088562	 384.338379	 502.156616	 71.885574
416.334534	 464.726166	 66.805443	 411.883148	 541.669250	 60.888363	 385.344818	 522.235046	 84.044754	 383.975708	 482.021667	 85.207771	 384.580597	 502.101501	 72.013580
416.671295	 464.710358	 66.839127	 412.132385	 541.653931	 60.963627	 385.657135	 522.155945	 84.142227	 384.364105	 481.942261	 85.306221	 384.903534	 502.026733	 72.116150
416.948090	 464.647034	 66.821190	 412.290253	 541.623962	 60.993267	 385.822235	 522.045044	 84.165848	 384.608673	 481.832001	 85.326126	 385.103546	 501.918671	 72.125977
417.223938	 464.579712	 66.841522	 412.435272	 541.582397	 61.016006	 385.994202	 521.934692	 84.208580	 384.853058	 481.715240	 85.372528	 385.302673	 501.804382	 72.175392
417.492523	 464.507233	 66.827057	 412.557465	 541.544678	 61.018906	 386.140808	 521.825745	 84.225204	 385.078613	 481.601746	 85.386017	 385.482758	 501.693207	 72.190552
417.756683	 464.419098	 66.803871	 412.643707	 541.514221	 61.013424	 386.257019	 521.718933	 84.225464	 385.273621	 481.494202	 85.390984	 385.638275	 501.586365	 72.182556
418.026276	 464.330444	 66.775833	 412.703674	 541.492493	 61.014267	 386.352386	 521.618286	 84.220863	 385.450684	 481.394165	 85.385071	 385.773560	 501.488586	 72.178970
418.300293	 464.221313	 66.752907	 412.744720	 541.472656	 61.011353	 386.421143	 521.514221	 84.206223	 385.611542	 481.288239	 85.360970	 385.883728	 501.383972	 72.166504
418.581482	 464.085175	 66.740425	 412.767303	 541.457642	 61.004463	 386.464905	 521.416260	 84.181755	 385.744629	 481.184235	 85.325478	 385.974915	 501.279419	 72.142502
418.910065	 463.912262	 66.837959	 412.768097	 541.458313	 60.973637	 386.455963	 521.333740	 84.143196	 385.804688	 481.100739	 85.287666	 386.015350	 501.195923	 72.097954
419.303131	 463.670898	 67.060982	 412.771759	 541.488037	 60.879021	 386.403259	 521.271545	 84.088554	 385.795898	 481.040070	 85.245216	 386.002869	 501.138947	 72.039894
419.735260	 463.334717	 67.227737	 412.821442	 541.560852	 60.740578	 386.343628	 521.241333	 84.051880	 385.760559	 481.009491	 85.207008	 385.965118	 501.107666	 72.001068
420.243744	 462.910461	 67.412178	 412.924225	 541.666809	 60.579716	 386.291595	 521.228149	 84.020737	 385.714172	 480.995667	 85.184654	 385.923737	 501.093811	 71.975586
420.846283	 462.414001	 67.559029	 413.017120	 541.780396	 60.450577	 386.209137	 521.215210	 83.972366	 385.636414	 480.981628	 85.138527	 385.852966	 501.080078	 71.934364
421.524811	 461.965637	 67.618271	 413.038361	 541.893188	 60.390141	 386.049500	 521.203003	 83.912399	 385.480957	 480.968994	 85.059029	 385.712952	 501.065582	 71.864044
422.243835	 461.653717	 67.450432	 412.981628	 542.016846	 60.397713	 385.848480	 521.190857	 83.834686	 385.285248	 480.959167	 84.976959	 385.537964	 501.056305	 71.784668
423.060883	 461.434753	 67.128639	 412.885773	 542.162598	 60.519596	 385.734589	 521.180481	 83.799057	 385.179199	 480.950134	 84.945099	 385.435699	 501.047974	 71.756302
424.064484	 461.322601	 66.914902	 412.845337	 542.459534	 60.841652	 385.704102	 521.177612	 83.799591	 385.156555	 480.947601	 84.944138	 385.416809	 501.044067	 71.752106
425.264069	 461.306702	 66.811974	 413.033844	 543.216187	 61.510036	 385.690765	 521.175720	 83.799179	 385.142792	 480.945465	 84.943665	 385.404877	 501.042236	 71.752281
426.641693	 461.316101	 66.718384	 413.707550	 544.711731	 62.555130	 385.698120	 521.175354	 83.808365	 385.149261	 480.943848	 84.950401	 385.407715	 501.039978	 71.762878
428.199127	 461.242401	 66.575989	 414.666443	 546.190186	 63.748253	 385.698853	 521.174683	 83.820969	 385.156067	 480.945435	 84.949097	 385.414917	 501.044403	 71.762199
429.963348	 460.939575	 66.423553	 415.882111	 547.268494	 64.890427	 385.696930	 521.173889	 83.815750	 385.153442	 480.943451	 84.945854	 385.411011	 501.042267	 71.760406
431.979858	 460.316650	 66.320930	 417.533478	 548.146423	 65.940475	 385.699951	 521.177795	 83.810081	 385.155609	 480.947021	 84.944977	 385.412476	 501.044312	 71.758995
434.268677	 459.457550	 66.214470	 419.652588	 548.809265	 66.830627	 385.701813	 521.179260	 83.812759	 385.161316	 480.950104	 84.945999	 385.415741	 501.048035	 71.757561
436.838837	 458.498993	 66.136803	 422.325195	 549.393005	 67.510063	 385.707031	 521.180908	 83.806244	 385.161316	 480.948822	 84.948509	 385.416504	 501.046326	 71.762260
439.689148	 457.524994	 66.127518	 425.525146	 549.946106	 67.962128	 385.709686	 521.185181	 83.804932	 385.160980	 480.951202	 84.951752	 385.416656	 501.049866	 71.767845
442.863647	 456.506165	 66.145546	 429.050659	 550.311096	 68.166145	 385.712921	 521.183838	 83.803757	 385.165222	 480.952332	 84.953102	 385.421722	 501.051483	 71.758324
446.370148	 455.397888	 66.199608	 432.723755	 550.372559	 68.182037	 385.715454	 521.181885	 83.799957	 385.168243	 480.951752	 84.947899	 385.427246	 501.048096	 71.755699
450.199585	 454.205261	 66.387367	 436.519073	 550.144897	 68.149704	 385.718292	 521.185425	 83.799568	 385.171753	 480.954254	 84.942650	 385.427551	 501.049225	 71.756416
454.351257	 452.915344	 66.713364	 440.421478	 549.610474	 68.191055	 385.724060	 521.185425	 83.797295	 385.176147	 480.953491	 84.944176	 385.431610	 501.051483	 71.751549
458.828461	 451.516937	 67.072273	 444.276428	 548.644104	 68.535973	 385.727325	 521.187988	 83.792641	 385.178192	 480.955811	 84.946655	 385.433594	 501.051727	 71.751991
463.658691	 449.938873	 67.352173	 448.069977	 547.205811	 69.339920	 385.728149	 521.188477	 83.794266	 385.178558	 480.955505	 84.944199	 385.437164	 501.053833	 71.753387
468.899567	 448.105408	 67.496124	 451.912811	 545.336792	 70.471024	 385.728729	 521.185730	 83.797615	 385.179596	 480.953094	 84.942940	 385.439514	 501.049988	 71.752106
474.556549	 446.028839	 67.585091	 455.831940	 543.008850	 71.772987	 385.729218	 521.187622	 83.797127	 385.182587	 480.956818	 84.940071	 385.438995	 501.049774	 71.749283
480.639618	 443.734558	 67.630562	 459.877472	 540.190430	 73.196930	 385.728790	 521.185852	 83.799316	 385.184204	 480.955292	 84.941154	 385.440430	 501.052582	 71.748184
487.172119	 441.216888	 67.609009	 464.086517	 536.876343	 74.732864	 385.730652	 521.186707	 83.794792	 385.187286	 480.955017	 84.935242	 385.442566	 501.052979	 71.746353
494.164154	 438.505249	 67.531197	 468.464661	 533.024780	 76.327744	 385.728241	 521.187744	 83.800262	 385.185944	 480.957153	 84.938019	 385.439545	 501.055573	 71.752853
501.614014	 435.628143	 67.455193	 473.026581	 528.604431	 77.853241	 385.726776	 521.185852	 83.804695	 385.184631	 480.955566	 84.942192	 385.439697	 501.053955	 71.755531
509.470032	 432.618103	 67.411926	 477.778503	 523.612183	 79.100281	 385.727081	 521.186890	 83.797394	 385.181976	 480.955811	 84.939384	 385.437347	 501.051361	 71.753899
517.708069	 429.495026	 67.355011	 482.725128	 518.014709	 79.913879	 385.724365	 521.187012	 83.795898	 385.179565	 480.956329	 84.935837	 385.433929	 501.052612	 71.748543
526.325012	 426.261688	 67.182365	 487.880371	 511.754883	 80.215553	 385.721985	 521.186035	 83.795998	 385.179779	 480.953461	 84.933769	 385.433105	 501.050568	 71.747719
535.275330	 422.986694	 66.804825	 493.244141	 504.713959	 79.968773	 385.718201	 521.186707	 83.800484	 385.175842	 480.953461	 84.935982	 385.431335	 501.051727	 71.750618
544.513733	 419.752075	 66.125015	 498.927063	 496.908234	 79.064362	 385.717896	 521.185974	 83.800865	 385.174011	 480.954926	 84.935249	 385.425903	 501.050873	 71.757942
554.031494	 416.548462	 65.091621	 505.134613	 488.578033	 77.372421	 385.715210	 521.184631	 83.798012	 385.172211	 480.953796	 84.938744	 385.423584	 501.051178	 71.752708
563.800598	 413.413940	 63.765190	 512.036865	 479.981964	 74.901947	 385.710815	 521.186462	 83.796089	 385.168335	 480.956238	 84.937881	 385.421387	 501.054138	 71.748573
573.722290	 410.455078	 62.330578	 519.728455	 471.310669	 71.784386	 385.710114	 521.186462	 83.794563	 385.164459	 480.955811	 84.938988	 385.417969	 501.052826	 71.754326
583.686462	 407.718018	 60.952282	 528.246338	 462.750885	 68.226227	 385.706543	 521.185059	 83.796455	 385.160278	 480.955658	 84.939171	 385.415649	 501.050171	 71.753593
593.622192	 405.146942	 59.663719	 537.564453	 454.397095	 64.386559	 385.703430	 521.186584	 83.796829	 385.157532	 480.957703	 84.934319	 385.415161	 501.052277	 71.749290
603.446899	 402.738159	 58.430782	 547.658752	 446.294159	 60.341812	 385.705109	 521.185181	 83.793991	 385.157654	 480.956635	 84.933968	 385.414429	 501.053345	 71.752617
613.028564	 400.573090	 57.139610	 558.510925	 438.500977	 56.134956	 385.702271	 521.184753	 83.798828	 385.158417	 480.957794	 84.938622	 385.414032	 501.052826	 71.750679
622.249268	 398.692413	 55.704929	 570.055786	 431.065765	 51.844330	 385.699677	 521.186768	 83.800003	 385.156403	 480.958496	 84.939583	 385.412903	 501.053131	 71.749359
631.102173	 397.081299	 53.934319	 582.104492	 424.204407	 47.570713	 385.701935	 521.185486	 83.796837	 385.153687	 480.956268	 84.935875	 385.410126	 501.049255	 71.754204
639.604797	 395.689178	 51.741184	 594.305908	 418.184998	 43.454704	 385.701355	 521.186462	 83.797501	 385.152100	 480.955505	 84.940186	 385.408234	 501.049255	 71.754791
647.788025	 394.438599	 49.214142	 606.229614	 413.038208	 39.687931	 385.702118	 521.187927	 83.795784	 385.156555	 480.956329	 84.940742	 385.411285	 501.052216	 71.751770
655.701660	 393.258148	 46.463894	 617.506470	 408.785126	 36.367092	 385.704346	 521.185791	 83.799820	 385.162201	 480.957916	 84.938370	 385.414307	 501.050812	 71.755745
663.332214	 392.134064	 43.651821	 627.914001	 405.523743	 33.374195	 385.704376	 521.186035	 83.804276	 385.160034	 480.958710	 84.940292	 385.414368	 501.053284	 71.755966
670.592773	 391.120270	 40.913452	 637.292480	 403.244446	 30.622143	 385.705750	 521.185669	 83.804749	 385.158783	 480.955688	 84.944626	 385.415375	 501.052948	 71.754501
677.413208	 390.289001	 38.269863	 645.634949	 401.726593	 28.138958	 385.708313	 521.185059	 83.802750	 385.162659	 480.955902	 84.939781	 385.420654	 501.052185	 71.752480
683.736328	 389.696045	 35.685604	 653.190674	 400.622284	 25.947933	 385.709442	 521.186890	 83.800652	 385.163727	 480.958252	 84.935547	 385.420563	 501.053650	 71.751961
689.520081	 389.373230	 33.135071	 660.231812	 399.757385	 23.887648	 385.712128	 521.184326	 83.800911	 385.163635	 480.955109	 84.941269	 385.418488	 501.049591	 71.755653
694.790894	 389.293243	 30.580406	 666.754761	 399.180847	 21.832602	 385.709564	 521.183594	 83.807922	 385.164734	 480.953918	 84.943504	 385.418732	 501.049469	 71.758629
699.648743	 389.380524	 27.913328	 672.656799	 398.889465	 19.820848	 385.707916	 521.184021	 83.810745	 385.165161	 480.954773	 84.942642	 385.416870	 501.049683	 71.761475
704.112976	 389.572601	 25.192314	 677.901062	 398.830658	 17.847242	 385.709503	 521.181152	 83.808678	 385.163269	 480.952148	 84.942635	 385.416931	 501.048248	 71.761345
708.197021	 389.840546	 22.534477	 682.557983	 398.960968	 15.878778	 385.707642	 521.184204	 83.805885	 385.158447	 480.952301	 84.945709	 385.416718	 501.050964	 71.757874
711.985413	 390.156311	 19.928467	 686.790894	 399.175140	 13.877708	 385.707733	 521.185547	 83.804070	 385.159515	 480.954102	 84.941231	 385.413513	 501.050049	 71.758057
715.527893	 390.461914	 17.445950	 690.673096	 399.418579	 11.922196	 385.707397	 521.185242	 83.803581	 385.160614	 480.957275	 84.939392	 385.414246	 501.048523	 71.759430
718.810669	 390.721832	 15.225808	 694.241577	 399.702789	 10.096894	 385.706512	 521.187927	 83.800560	 385.157440	 480.958862	 84.944382	 385.412354	 501.053040	 71.756516
721.785400	 390.969635	 13.349325	 697.465210	 400.034943	 8.502834	 385.705841	 521.185852	 83.802834	 385.157837	 480.955292	 84.938782	 385.413055	 501.053009	 71.754128
724.452942	 391.288239	 11.712184	 700.345276	 400.455444	 7.108616	 385.703125	 521.187500	 83.805107	 385.158325	 480.956848	 84.934464	 385.410370	 501.052277	 71.756660
726.834229	 391.689819	 10.217101	 702.934082	 400.991547	 5.828076	 385.705902	 521.188232	 83.798431	 385.159515	 480.957214	 84.932510	 385.407898	 501.051727	 71.761604
728.975708	 392.118347	 8.803783	 705.268311	 401.597015	 4.585707	 385.707001	 521.185730	 83.796669	 385.158325	 480.953949	 84.936897	 385.411591	 501.049805	 71.758553
730.947510	 392.558044	 7.401177	 707.400452	 402.219910	 3.324104	 385.704895	 521.187012	 83.800133	 385.156067	 480.956116	 84.944626	 385.413727	 501.054260	 71.753281
732.783203	 392.982391	 5.998066	 709.377258	 402.806671	 2.037323	 385.708130	 521.186096	 83.799103	 385.159637	 480.954773	 84.941284	 385.417114	 501.053741	 71.748795
734.494751	 393.329773	 4.650551	 711.211365	 403.286469	 0.738938	 385.711121	 521.186768	 83.796288	 385.161743	 480.953583	 84.936989	 385.418854	 501.050964	 71.748894
736.100342	 393.585632	 3.402904	 712.909546	 403.627380	 -0.524568	 385.711975	 521.187927	 83.797241	 385.165985	 480.958801	 84.932503	 385.421570	 501.053284	 71.749947
737.583679	 393.773010	 2.264558	 714.467834	 403.855072	 -1.729296	 385.714966	 521.186707	 83.796410	 385.170471	 480.958038	 84.934875	 385.425354	 501.051941	 71.749832
738.921143	 393.934814	 1.224827	 715.875610	 404.035614	 -2.836716	 385.720306	 521.188782	 83.792984	 385.172668	 480.956512	 84.937782	 385.427887	 501.050659	 71.746651
740.103394	 394.103271	 0.223441	 717.142944	 404.208435	 -3.890296	 385.723145	 521.187927	 83.794479	 385.177460	 480.958069	 84.934006	 385.430634	 501.052521	 71.750214
741.148438	 394.262909	 -0.809195	 718.273010	 404.359924	 -4.966465	 385.724854	 521.184814	 83.795830	 385.183289	 480.956024	 84.930061	 385.435181	 501.050964	 71.754814
742.069519	 394.418335	 -1.922361	 719.261108	 404.506134	 -6.093047	 385.727997	 521.185852	 83.797104	 385.186432	 480.956726	 84.929382	 385.440033	 501.050903	 71.752747
742.814331	 394.531494	 -2.843041	 720.068604	 404.606293	 -7.135206	 385.732635	 521.185974	 83.795654	 385.187592	 480.955872	 84.933525	 385.442261	 501.051880	 71.747383
743.306030	 394.629364	 -3.111035	 720.516174	 404.606323	 -7.307805	 385.734772	 521.185120	 83.794601	 385.187683	 480.953186	 84.931557	 385.445313	 501.049866	 71.744339
743.630127	 394.849701	 -2.991143	 720.851013	 404.791229	 -7.076889	 385.732880	 521.184387	 83.800690	 385.189972	 480.956299	 84.927811	 385.445099	 501.051422	 71.747009
743.902283	 395.153625	 -2.905085	 721.200867	 405.193420	 -7.023585	 385.734833	 521.184204	 83.801529	 385.193237	 480.956818	 84.933304	 385.451050	 501.053772	 71.741852
744.080322	 395.517212	 -2.800398	 721.451355	 405.634583	 -6.951947	 385.738434	 521.186951	 83.796600	 385.194275	 480.956238	 84.933716	 385.453979	 501.053314	 71.739616
744.183716	 395.894043	 -2.673271	 721.667786	 406.140961	 -6.889994	 385.739929	 521.189941	 83.788712	 385.193909	 480.957672	 84.931114	 385.450714	 501.054932	 71.742447
744.273315	 396.255249	 -2.584239	 721.853882	 406.664581	 -6.844890	 385.735657	 521.186646	 83.791855	 385.194153	 480.956238	 84.931694	 385.447754	 501.052338	 71.749626
744.323547	 396.536285	 -2.494939	 722.014099	 407.100403	 -6.783800	 385.734009	 521.187744	 83.795898	 385.191864	 480.956451	 84.933853	 385.451355	 501.052673	 71.746033
744.378235	 396.709167	 -2.461613	 722.159546	 407.406952	 -6.713409	 385.735321	 521.189819	 83.795738	 385.189178	 480.957764	 84.935722	 385.449951	 501.055603	 71.741173
744.444702	 396.761230	 -2.480325	 722.280884	 407.576752	 -6.651509	 385.734894	 521.188477	 83.792435	 385.187805	 480.955963	 84.935150	 385.445984	 501.053192	 71.743660
744.480835	 396.709381	 -2.530170	 722.363586	 407.643158	 -6.613338	 385.735992	 521.189514	 83.782967	 385.188110	 480.958649	 84.930450	 385.446533	 501.053711	 71.740273
744.464539	 396.615601	 -2.612044	 722.407959	 407.664307	 -6.604359	 385.732910	 521.188354	 83.786949	 385.185089	 480.957794	 84.934830	 385.443115	 501.054993	 71.739212
744.408630	 396.536957	 -2.686797	 722.437134	 407.688751	 -6.615539	 385.726410	 521.186768	 83.794731	 385.180695	 480.954620	 84.936325	 385.436310	 501.052643	 71.746590
744.328186	 396.496887	 -2.738316	 722.459839	 407.718811	 -6.595599	 385.718719	 521.187317	 83.796776	 385.175690	 480.957031	 84.933067	 385.432709	 501.054047	 71.746872
744.257446	 396.471771	 -2.771163	 722.484436	 407.748840	 -6.558089	 385.714478	 521.186462	 83.798882	 385.174530	 480.957886	 84.927383	 385.432037	 501.055450	 71.742760
744.211426	 396.462982	 -2.784936	 722.508179	 407.783051	 -6.528402	 385.714355	 521.187805	 83.798897	 385.169403	 480.957397	 84.932686	 385.425995	 501.053345	 71.746925
744.192932	 396.493225	 -2.785477	 722.529724	 407.824158	 -6.499781	 385.709717	 521.189087	 83.796349	 385.161743	 480.959106	 84.934586	 385.417511	 501.053894	 71.749626
744.200317	 396.544220	 -2.767700	 722.551208	 407.871735	 -6.471290	 385.701233	 521.185791	 83.797142	 385.156281	 480.956879	 84.929138	 385.413910	 501.053040	 71.742668
744.241943	 396.617432	 -2.753398	 722.579468	 407.928802	 -6.444105	 385.691162	 521.186279	 83.800484	 385.149200	 480.957642	 84.932060	 385.406830	 501.054474	 71.742401
744.302979	 396.703094	 -2.740087	 722.623413	 407.985840	 -6.404971	 385.688202	 521.189209	 83.799248	 385.144073	 480.960083	 84.934502	 385.400635	 501.054932	 71.749840
744.373901	 396.790436	 -2.713300	 722.676331	 408.049744	 -6.350263	 385.692749	 521.190979	 83.793633	 385.145844	 480.959351	 84.934967	 385.402405	 501.054993	 71.746956
744.447388	 396.902924	 -2.681721	 722.725281	 408.191895	 -6.294794	 385.694885	 521.193909	 83.791878	 385.148590	 480.963348	 84.931458	 385.400452	 501.059113	 71.748276
744.520874	 397.028992	 -2.624552	 722.790833	 408.383942	 -6.244098	 385.696655	 521.192078	 83.793396	 385.154144	 480.964142	 84.929626	 385.403778	 501.059692	 71.748665
744.624878	 397.134674	 -2.559757	 722.878784	 408.566772	 -6.193501	 385.699921	 521.190735	 83.798622	 385.157471	 480.962555	 84.935471	 385.409088	 501.057098	 71.752228
744.818604	 397.130310	 -2.536748	 723.083496	 408.708405	 -6.076733	 385.706909	 521.193665	 83.795509	 385.159332	 480.964508	 84.939491	 385.413666	 501.059601	 71.750465
745.085327	 397.075104	 -2.521050	 723.319580	 408.916656	 -5.971395	 385.714844	 521.192444	 83.794174	 385.168488	 480.964325	 84.935081	 385.421906	 501.058777	 71.752983
745.328369	 397.159058	 -2.460507	 723.531067	 409.216949	 -5.870695	 385.717590	 521.193481	 83.798515	 385.172974	 480.964447	 84.937965	 385.428802	 501.059875	 71.745987
745.624451	 397.228210	 -2.406447	 723.779175	 409.584564	 -5.767065	 385.720978	 521.195129	 83.796989	 385.174561	 480.966064	 84.940178	 385.430695	 501.061462	 71.750710
745.927612	 397.309875	 -2.383917	 724.030396	 409.965057	 -5.697805	 385.724640	 521.192993	 83.796165	 385.178223	 480.963867	 84.935638	 385.431427	 501.057404	 71.759911
746.213318	 397.437286	 -2.418862	 724.291321	 410.297852	 -5.663701	 385.721802	 521.195313	 83.796707	 385.175018	 480.963470	 84.941780	 385.432251	 501.058289	 71.753166
746.491333	 397.554474	 -2.435736	 724.557617	 410.620819	 -5.631746	 385.722382	 521.194214	 83.793289	 385.171967	 480.960693	 84.950897	 385.432037	 501.057922	 71.750519
746.749146	 397.657898	 -2.433342	 724.812744	 410.960846	 -5.605698	 385.723389	 521.191101	 83.792564	 385.176117	 480.958405	 84.942566	 385.434265	 501.056824	 71.750549
746.977112	 397.753967	 -2.443076	 725.064392	 411.208618	 -5.569128	 385.722351	 521.194153	 83.797440	 385.175171	 480.962067	 84.941795	 385.430969	 501.059570	 71.754547
747.193115	 397.793427	 -2.455657	 725.312500	 411.421326	 -5.541276	 385.727203	 521.193970	 83.800407	 385.180817	 480.963135	 84.942329	 385.433960	 501.060760	 71.757820
747.353149	 397.835052	 -2.451649	 725.525452	 411.630249	 -5.530039	 385.732574	 521.195374	 83.797249	 385.189270	 480.965179	 84.937195	 385.442474	 501.059143	 71.756363
747.508972	 397.843262	 -2.468175	 725.722168	 411.776428	 -5.490757	 385.740173	 521.196472	 83.797882	 385.195374	 480.968201	 84.940598	 385.448608	 501.060699	 71.755348
747.640686	 397.829254	 -2.493704	 725.907593	 411.927002	 -5.458138	 385.750366	 521.193848	 83.802200	 385.207611	 480.965790	 84.942993	 385.461395	 501.058990	 71.755165
747.723694	 397.841553	 -2.497510	 726.080017	 412.116486	 -5.442913	 385.763580	 521.197327	 83.801453	 385.219452	 480.966827	 84.939392	 385.472870	 501.059662	 71.760689
747.794861	 397.851318	 -2.493830	 726.246399	 412.283600	 -5.427445	 385.776703	 521.198547	 83.800941	 385.229675	 480.969025	 84.938728	 385.479187	 501.061890	 71.763039
747.863464	 397.852142	 -2.499452	 726.389709	 412.406189	 -5.399229	 385.784088	 521.199097	 83.800507	 385.235229	 480.966370	 84.944382	 385.489716	 501.060822	 71.760765
747.917908	 397.850800	 -2.502061	 726.508179	 412.520142	 -5.377549	 385.785522	 521.202271	 83.801872	 385.238312	 480.968811	 84.944870	 385.496002	 501.065094	 71.756302
747.951416	 397.851105	 -2.502366	 726.602356	 412.621216	 -5.366899	 385.785553	 521.200317	 83.801895	 385.240051	 480.970032	 84.945686	 385.498047	 501.065094	 71.755959
747.967407	 397.855835	 -2.500988	 726.673157	 412.703735	 -5.362466	 385.782135	 521.197937	 83.806076	 385.238098	 480.967682	 84.947708	 385.495239	 501.061188	 71.757607
747.968689	 397.868988	 -2.501716	 726.720642	 412.769928	 -5.358660	 385.779327	 521.199219	 83.804932	 385.234833	 480.969025	 84.944168	 385.491364	 501.063477	 71.753479
747.958923	 397.883575	 -2.494708	 726.751709	 412.821869	 -5.349632	 385.774536	 521.198303	 83.799988	 385.228424	 480.967255	 84.946381	 385.485809	 501.062408	 71.754585
747.927917	 397.895599	 -2.482430	 726.768188	 412.874084	 -5.341557	 385.764069	 521.196411	 83.805435	 385.218170	 480.965790	 84.951630	 385.475677	 501.060455	 71.762871
747.883728	 397.910248	 -2.474805	 726.776184	 412.929504	 -5.347699	 385.754364	 521.194458	 83.803574	 385.209534	 480.965027	 84.948265	 385.465851	 501.061096	 71.756340
747.826355	 397.918518	 -2.464272	 726.772034	 412.987183	 -5.347713	 385.748016	 521.194275	 83.794930	 385.202454	 480.963318	 84.945663	 385.453735	 501.057068	 71.756432
747.756958	 397.923523	 -2.455073	 726.770996	 413.044312	 -5.355181	 385.741577	 521.195923	 83.796127	 385.193298	 480.964355	 84.949791	 385.447723	 501.056946	 71.763222
747.679810	 397.916138	 -2.442397	 726.777161	 413.087952	 -5.358698	 385.736237	 521.193787	 83.805908	 385.191376	 480.963531	 84.951706	 385.447754	 501.059814	 71.758423
747.605591	 397.892761	 -2.452562	 726.778687	 413.123596	 -5.351632	 385.736664	 521.192749	 83.811371	 385.193878	 480.962158	 84.952431	 385.448456	 501.058380	 71.756531
747.518738	 397.855377	 -2.467895	 726.778320	 413.152405	 -5.354878	 385.740967	 521.196411	 83.805367	 385.193146	 480.963562	 84.953094	 385.447571	 501.058502	 71.766548
747.418091	 397.810211	 -2.481068	 726.782166	 413.177307	 -5.363254	 385.745209	 521.196289	 83.801659	 385.198669	 480.964752	 84.952179	 385.451141	 501.058197	 71.771431
747.311279	 397.758820	 -2.491567	 726.786377	 413.210388	 -5.368608	 385.747559	 521.195251	 83.805550	 385.203125	 480.965332	 84.954918	 385.456665	 501.057129	 71.770950
747.205994	 397.698700	 -2.512118	 726.787964	 413.246033	 -5.366629	 385.751648	 521.196106	 83.803833	 385.205353	 480.966736	 84.956680	 385.460052	 501.061523	 71.762268
747.103394	 397.625641	 -2.532672	 726.791687	 413.273712	 -5.364063	 385.754395	 521.194702	 83.806305	 385.208649	 480.964874	 84.956673	 385.463928	 501.061798	 71.761406
747.012085	 397.551514	 -2.562737	 726.791260	 413.295074	 -5.362024	 385.755676	 521.196350	 83.807205	 385.212677	 480.966339	 84.950516	 385.465820	 501.060974	 71.766693
746.925903	 397.479675	 -2.585480	 726.789246	 413.309662	 -5.356462	 385.756500	 521.197876	 83.801064	 385.210724	 480.967377	 84.948196	 385.466125	 501.063660	 71.761589
746.854431	 397.409637	 -2.616536	 726.781372	 413.318420	 -5.350405	 385.750946	 521.195740	 83.806572	 385.204559	 480.964996	 84.949883	 385.463531	 501.061249	 71.758369
746.772461	 397.347046	 -2.637719	 726.769958	 413.335114	 -5.354004	 385.744354	 521.197144	 83.806541	 385.197601	 480.967010	 84.946663	 385.456299	 501.061249	 71.756607
746.682007	 397.290466	 -2.645635	 726.757507	 413.356598	 -5.356855	 385.741974	 521.199280	 83.798264	 385.190277	 480.966248	 84.948181	 385.450165	 501.062897	 71.760040
746.596252	 397.234344	 -2.664011	 726.735474	 413.382660	 -5.359475	 385.738434	 521.198914	 83.798683	 385.186584	 480.965088	 84.951233	 385.443329	 501.059784	 71.767197
746.493713	 397.175659	 -2.669525	 726.698242	 413.404633	 -5.355908	 385.734741	 521.199829	 83.802193	 385.186432	 480.968628	 84.946060	 385.438934	 501.060638	 71.767288
746.382507	 397.106659	 -2.672680	 726.643066	 413.405334	 -5.353892	 385.734741	 521.197083	 83.802948	 385.189850	 480.967590	 84.942574	 385.441162	 501.057800	 71.763428
746.267456	 397.031189	 -2.678523	 726.578552	 413.399261	 -5.364255	 385.735687	 521.196228	 83.803284	 385.194885	 480.967010	 84.943497	 385.447479	 501.057190	 71.759819
746.156921	 396.956055	 -2.694611	 726.499390	 413.365936	 -5.353906	 385.741577	 521.197449	 83.803452	 385.200195	 480.966736	 84.941460	 385.453491	 501.061157	 71.757378
746.050537	 396.872772	 -2.709805	 726.407959	 413.306549	 -5.339334	 385.748230	 521.195740	 83.802933	 385.204956	 480.963196	 84.942627	 385.459076	 501.058868	 71.756920
745.942261	 396.794739	 -2.715616	 726.316101	 413.261475	 -5.336350	 385.753815	 521.197815	 83.801895	 385.208984	 480.965759	 84.942612	 385.462250	 501.060364	 71.758080
745.845764	 396.735321	 -2.727904	 726.232361	 413.220398	 -5.336399	 385.762085	 521.199463	 83.800026	 385.215424	 480.969269	 84.941521	 385.468262	 501.060913	 71.754623
745.774292	 396.685577	 -2.734185	 726.169983	 413.192291	 -5.339299	 385.765015	 521.198242	 83.800179	 385.220276	 480.967865	 84.942772	 385.477417	 501.062225	 71.747879
745.734863	 396.657440	 -2.739863	 726.138489	 413.176727	 -5.347257	 385.765015	 521.201294	 83.797859	 385.221924	 480.969818	 84.944031	 385.475891	 501.065674	 71.752998
745.731567	 396.645264	 -2.746655	 726.129211	 413.159546	 -5.342630	 385.763672	 521.201233	 83.801720	 385.219666	 480.970551	 84.941772	 385.474060	 501.065674	 71.754692
745.750244	 396.646759	 -2.743460	 726.135071	 413.151978	 -5.335392	 385.758057	 521.202454	 83.802086	 385.212616	 480.970886	 84.940376	 385.471069	 501.064606	 71.756302
745.780945	 396.667145	 -2.743736	 726.145386	 413.142517	 -5.320240	 385.753143	 521.202393	 83.799110	 385.207672	 480.972168	 84.943993	 385.463379	 501.065918	 71.757599
745.812622	 396.681824	 -2.737803	 726.155640	 413.130463	 -5.308115	 385.746979	 521.199036	 83.797989	 385.201996	 480.968781	 84.945854	 385.459656	 501.064697	 71.751289
745.831238	 396.689636	 -2.728617	 726.163208	 413.123199	 -5.307917	 385.739960	 521.200317	 83.802238	 385.195221	 480.968964	 84.945770	 385.452942	 501.065002	 71.755478
745.841553	 396.695496	 -2.720701	 726.170410	 413.111389	 -5.296913	 385.738373	 521.198669	 83.806412	 385.195404	 480.968994	 84.939125	 385.450348	 501.066772	 71.756340
745.858337	 396.695099	 -2.720193	 726.179626	 413.100861	 -5.287673	 385.741455	 521.198486	 83.799644	 385.196136	 480.966278	 84.939903	 385.450470	 501.061829	 71.753174
745.881226	 396.696198	 -2.727058	 726.198975	 413.091614	 -5.286472	 385.745453	 521.202026	 83.795120	 385.194946	 480.968506	 84.945641	 385.454651	 501.063782	 71.752922
745.913696	 396.696899	 -2.733462	 726.216797	 413.071289	 -5.275007	 385.748840	 521.198914	 83.801804	 385.200043	 480.968140	 84.949783	 385.457794	 501.065430	 71.758133
745.939758	 396.694366	 -2.728251	 726.225647	 413.049744	 -5.262918	 385.754486	 521.197998	 83.804749	 385.206787	 480.967560	 84.950989	 385.460571	 501.063110	 71.758919
745.955261	 396.696533	 -2.726420	 726.230652	 413.033661	 -5.267085	 385.761719	 521.202515	 83.799057	 385.215210	 480.970795	 84.942230	 385.469116	 501.066681	 71.753822
745.962585	 396.695709	 -2.720572	 726.221802	 413.011780	 -5.266548	 385.766266	 521.201538	 83.798752	 385.220093	 480.968719	 84.940155	 385.474762	 501.065247	 71.754463
745.965820	 396.698639	 -2.721198	 726.217102	 412.999725	 -5.271137	 385.768433	 521.200928	 83.802887	 385.220581	 480.966919	 84.946304	 385.475983	 501.062256	 71.756584
745.965210	 396.703705	 -2.718696	 726.225220	 412.994690	 -5.274406	 385.771545	 521.200989	 83.802856	 385.219238	 480.967285	 84.952721	 385.479034	 501.064362	 71.758415
745.974854	 396.706970	 -2.716677	 726.236389	 412.988312	 -5.257458	 385.772186	 521.198425	 83.801552	 385.219574	 480.966644	 84.950966	 385.479584	 501.063843	 71.754639
745.995422	 396.714020	 -2.711136	 726.252197	 412.983978	 -5.245015	 385.768768	 521.200012	 83.798904	 385.218811	 480.967804	 84.948036	 385.476196	 501.065613	 71.754372
746.013123	 396.717285	 -2.706174	 726.265015	 412.974243	 -5.241635	 385.763641	 521.201111	 83.799950	 385.214111	 480.968079	 84.948135	 385.472992	 501.066833	 71.756836
746.020081	 396.711487	 -2.708479	 726.263062	 412.961395	 -5.235015	 385.759277	 521.199951	 83.802193	 385.210724	 480.967560	 84.948067	 385.468536	 501.064301	 71.757637
746.016418	 396.706177	 -2.708772	 726.256104	 412.950287	 -5.234388	 385.754028	 521.199829	 83.803802	 385.207520	 480.970093	 84.950172	 385.466217	 501.063660	 71.757874
746.005737	 396.696808	 -2.707777	 726.245422	 412.938934	 -5.239188	 385.751953	 521.197327	 83.808441	 385.207642	 480.970184	 84.951950	 385.465424	 501.064087	 71.756805
745.993896	 396.683380	 -2.714576	 726.226563	 412.929779	 -5.248044	 385.756378	 521.197876	 83.808563	 385.209106	 480.968323	 84.952606	 385.466980	 501.063965	 71.758331
745.977539	 396.670135	 -2.722945	 726.208862	 412.920654	 -5.253377	 385.761322	 521.200928	 83.805054	 385.212372	 480.969269	 84.949883	 385.471588	 501.064758	 71.758171
745.968018	 396.656769	 -2.727179	 726.202576	 412.909760	 -5.255563	 385.761902	 521.197754	 83.807434	 385.214691	 480.966949	 84.950729	 385.471069	 501.063354	 71.760765
745.979004	 396.650269	 -2.732640	 726.206970	 412.909241	 -5.260092	 385.761536	 521.197754	 83.810951	 385.216644	 480.966797	 84.948647	 385.471527	 501.060913	 71.765854
745.997253	 396.653015	 -2.736139	 726.208740	 412.910156	 -5.250813	 385.767334	 521.200989	 83.803513	 385.220276	 480.969727	 84.947418	 385.475830	 501.062958	 71.763664
746.008911	 396.648743	 -2.733148	 726.208252	 412.909027	 -5.248843	 385.771729	 521.200378	 83.801994	 385.222717	 480.968231	 84.949974	 385.480011	 501.063690	 71.761223
746.015320	 396.644501	 -2.731757	 726.202271	 412.913452	 -5.257026	 385.769379	 521.200317	 83.803864	 385.221649	 480.968567	 84.950119	 385.481171	 501.064606	 71.762299
746.007813	 396.637726	 -2.738166	 726.191711	 412.915192	 -5.267297	 385.767731	 521.199768	 83.802094	 385.218964	 480.968079	 84.951218	 385.476288	 501.064087	 71.760437
745.992859	 396.623779	 -2.744882	 726.176758	 412.915161	 -5.276049	 385.762909	 521.199280	 83.803185	 385.215515	 480.966705	 84.950974	 385.471497	 501.060211	 71.758430
745.978210	 396.615784	 -2.744290	 726.165100	 412.919861	 -5.277249	 385.753693	 521.199280	 83.805031	 385.209167	 480.968658	 84.944740	 385.466949	 501.064026	 71.755981
745.975403	 396.615051	 -2.748682	 726.166504	 412.920532	 -5.274431	 385.752960	 521.198120	 83.799759	 385.204926	 480.967560	 84.942131	 385.461426	 501.063751	 71.755318
745.984863	 396.619812	 -2.753060	 726.174805	 412.924286	 -5.269639	 385.752869	 521.199646	 83.794945	 385.203552	 480.968323	 84.943161	 385.457703	 501.062347	 71.754707
745.990601	 396.629425	 -2.757145	 726.182739	 412.926880	 -5.263590	 385.749451	 521.201050	 83.796616	 385.200165	 480.970245	 84.946472	 385.454742	 501.064514	 71.756554
745.989502	 396.629608	 -2.754250	 726.191162	 412.923645	 -5.260196	 385.747925	 521.197876	 83.798599	 385.202179	 480.967468	 84.936668	 385.454132	 501.060852	 71.758438
745.990417	 396.630310	 -2.755293	 726.193665	 412.921234	 -5.256364	 385.746399	 521.198120	 83.796219	 385.200623	 480.967560	 84.937721	 385.456818	 501.063049	 71.748657
745.987732	 396.631256	 -2.755353	 726.198242	 412.916168	 -5.260562	 385.749481	 521.199707	 83.793289	 385.198853	 480.966675	 84.945702	 385.458984	 501.066467	 71.745453
745.984497	 396.626740	 -2.756613	 726.197632	 412.907745	 -5.262214	 385.751312	 521.197815	 83.796532	 385.202454	 480.966461	 84.944206	 385.458557	 501.062744	 71.756149
745.983215	 396.625366	 -2.755907	 726.193970	 412.898987	 -5.263815	 385.751007	 521.198792	 83.800560	 385.206024	 480.969513	 84.941376	 385.460358	 501.063660	 71.758179
745.982971	 396.622772	 -2.760941	 726.195984	 412.889343	 -5.266508	 385.753510	 521.197876	 83.801628	 385.211670	 480.966614	 84.940277	 385.465332	 501.062378	 71.757072
745.984131	 396.621033	 -2.765687	 726.196472	 412.885132	 -5.265228	 385.755890	 521.198181	 83.799767	 385.212067	 480.965973	 84.939339	 385.466919	 501.059204	 71.754616
745.978210	 396.624420	 -2.758879	 726.193359	 412.880829	 -5.262761	 385.753784	 521.197388	 83.802849	 385.207825	 480.968018	 84.940285	 385.462677	 501.060516	 71.752800
745.979675	 396.626648	 -2.760409	 726.194641	 412.873840	 -5.265209	 385.753845	 521.194275	 83.803055	 385.207184	 480.965240	 84.942589	 385.459717	 501.059021	 71.757027
745.982239	 396.628265	 -2.765971	 726.191956	 412.870300	 -5.264206	 385.750977	 521.197571	 83.801331	 385.206268	 480.967407	 84.943924	 385.459808	 501.060333	 71.753975
745.972229	 396.629791	 -2.762075	 726.190979	 412.865326	 -5.268787	 385.750214	 521.199036	 83.800430	 385.204193	 480.968506	 84.944984	 385.460205	 501.066040	 71.748795
745.965149	 396.625061	 -2.765669	 726.181763	 412.856171	 -5.266966	 385.749847	 521.197021	 83.800209	 385.204803	 480.967438	 84.941422	 385.460083	 501.064178	 71.748291
745.957581	 396.620453	 -2.765444	 726.171936	 412.848907	 -5.263071	 385.748535	 521.199646	 83.800026	 385.204559	 480.970428	 84.941528	 385.458984	 501.063080	 71.751381
745.955811	 396.620056	 -2.772190	 726.172974	 412.838562	 -5.267174	 385.751038	 521.198547	 83.797203	 385.204987	 480.970367	 84.941940	 385.459320	 501.063782	 71.754913
745.958374	 396.611633	 -2.778614	 726.162292	 412.815552	 -5.264633	 385.751801	 521.198486	 83.797638	 385.205719	 480.968079	 84.939697	 385.461365	 501.063049	 71.751068
745.957153	 396.602386	 -2.777467	 726.152466	 412.791779	 -5.258903	 385.753754	 521.201660	 83.799187	 385.205658	 480.968414	 84.943260	 385.461731	 501.063538	 71.753990
745.958374	 396.600311	 -2.777020	 726.153015	 412.783325	 -5.257594	 385.756104	 521.198181	 83.796196	 385.208923	 480.967285	 84.943016	 385.464752	 501.062531	 71.753998
745.963562	 396.601593	 -2.775036	 726.151611	 412.786041	 -5.257337	 385.755280	 521.198120	 83.799332	 385.208740	 480.967560	 84.942657	 385.464386	 501.062042	 71.752884
745.967590	 396.604187	 -2.777382	 726.148865	 412.787598	 -5.261582	 385.756134	 521.200806	 83.795319	 385.205444	 480.969116	 84.944901	 385.462769	 501.062744	 71.750854
745.970398	 396.603882	 -2.781531	 726.145142	 412.786591	 -5.263690	 385.753357	 521.198181	 83.793640	 385.206146	 480.968048	 84.941284	 385.462769	 501.062347	 71.745995
745.981079	 396.609406	 -2.793870	 726.145203	 412.787354	 -5.262174	 385.748779	 521.199036	 83.799545	 385.203949	 480.969208	 84.941223	 385.459747	 501.065796	 71.745171
745.990723	 396.615814	 -2.790201	 726.149231	 412.782990	 -5.255258	 385.749634	 521.199646	 83.796516	 385.203430	 480.968781	 84.941734	 385.459381	 501.066559	 71.747627
745.995728	 396.617950	 -2.780527	 726.148376	 412.778320	 -5.247367	 385.749695	 521.198975	 83.795944	 385.206512	 480.969727	 84.934990	 385.461487	 501.065399	 71.745056
745.999756	 396.621490	 -2.784782	 726.146667	 412.777527	 -5.256032	 385.746887	 521.201965	 83.791695	 385.200989	 480.972107	 84.930611	 385.455933	 501.066711	 71.743484
745.997009	 396.620575	 -2.785224	 726.140076	 412.773407	 -5.262899	 385.725464	 521.201782	 83.782883	 385.182343	 480.972168	 84.922012	 385.438171	 501.066559	 71.738358
745.990356	 396.614838	 -2.782969	 726.131104	 412.770569	 -5.271438	 385.718719	 521.200806	 83.780945	 385.174347	 480.971222	 84.924393	 385.433777	 501.066956	 71.734940
745.986206	 396.614014	 -2.780311	 726.130005	 412.769592	 -5.278422	 385.726654	 521.199219	 83.786415	 385.182922	 480.968262	 84.932800	 385.444214	 501.065552	 71.737450
745.994446	 396.616943	 -2.779370	 726.127502	 412.764709	 -5.266593	 385.739166	 521.192322	 83.791107	 385.195251	 480.961273	 84.935036	 385.450592	 501.058167	 71.744087
746.009033	 396.624176	 -2.780487	 726.131287	 412.765106	 -5.260798	 385.768982	 521.183777	 83.806381	 385.225922	 480.954193	 84.940453	 385.482208	 501.050537	 71.748817
746.017090	 396.634369	 -2.778075	 726.141357	 412.770966	 -5.266687	 385.822845	 521.146179	 83.812798	 385.256317	 480.913971	 84.950531	 385.524475	 501.009430	 71.754173
746.022400	 396.638367	 -2.774193	 726.144043	 412.771851	 -5.263535	 385.946869	 521.004395	 83.815468	 385.302216	 480.771210	 84.965622	 385.605286	 500.865295	 71.765198
746.031494	 396.644440	 -2.771689	 726.145935	 412.777405	 -5.264302	 386.164917	 520.693054	 83.817513	 385.378204	 480.461914	 84.964302	 385.750397	 500.555054	 71.771286
746.037231	 396.648071	 -2.768157	 726.152344	 412.781982	 -5.266809	 386.457184	 520.163696	 83.828880	 385.470184	 479.936798	 84.965355	 385.943146	 500.029358	 71.777328
746.055359	 396.652374	 -2.770086	 726.160339	 412.786682	 -5.261951	 386.810760	 519.389465	 83.842804	 385.568176	 479.174896	 84.979752	 386.166870	 499.262054	 71.793861
746.074768	 396.661865	 -2.770212	 726.170471	 412.790863	 -5.261602	 387.206757	 518.369202	 83.855347	 385.658142	 478.169312	 84.998947	 386.410431	 498.248718	 71.809784
746.084412	 396.667084	 -2.758159	 726.178711	 412.787689	 -5.257408	 387.637726	 517.265747	 83.890846	 385.787933	 477.084778	 85.057114	 386.700623	 497.148682	 71.857468
746.091248	 396.667603	 -2.755183	 726.182251	 412.786224	 -5.251993	 388.234589	 516.401306	 83.946487	 386.038666	 476.227844	 85.164040	 387.126617	 496.263214	 71.943680
746.089172	 396.670410	 -2.754911	 726.184692	 412.787109	 -5.254352	 388.956390	 515.638977	 83.961807	 386.355835	 475.495972	 85.193077	 387.653809	 495.513397	 71.971931
746.086731	 396.670746	 -2.756946	 726.183472	 412.786560	 -5.253561	 389.705658	 514.886536	 83.984169	 386.662476	 474.773956	 85.201363	 388.197784	 494.767517	 71.984200
746.076355	 396.667084	 -2.750969	 726.177307	 412.790039	 -5.254565	 390.469604	 514.158020	 84.029655	 386.912628	 474.088318	 85.256958	 388.738373	 494.069244	 72.032883
746.064819	 396.665131	 -2.751045	 726.170105	 412.787994	 -5.258548	 391.184875	 513.346436	 84.088219	 387.123230	 473.325836	 85.290810	 389.232056	 493.277832	 72.075195
746.055664	 396.661041	 -2.756375	 726.165527	 412.785980	 -5.259305	 391.833099	 512.322815	 84.182388	 387.404175	 472.346130	 85.360474	 389.720123	 492.277313	 72.154755
746.049316	 396.660980	 -2.762821	 726.163330	 412.790253	 -5.261482	 392.380280	 510.860748	 84.289986	 387.792328	 470.900116	 85.442490	 390.199371	 490.829987	 72.254601
746.046570	 396.662048	 -2.760996	 726.165466	 412.792114	 -5.260617	 392.739532	 508.892853	 84.384895	 388.255005	 468.914581	 85.517143	 390.627106	 488.862091	 72.347107
746.048950	 396.663879	 -2.756815	 726.169006	 412.792877	 -5.255883	 392.843414	 506.506622	 84.431068	 388.725647	 466.485931	 85.577843	 390.949585	 486.441620	 72.409286
746.057251	 396.670959	 -2.758622	 726.177002	 412.794128	 -5.259908	 392.724701	 503.865936	 84.391121	 389.124359	 463.799652	 85.621712	 391.158630	 483.749084	 72.400703
746.069092	 396.673035	 -2.764034	 726.181030	 412.790497	 -5.257237	 392.439819	 501.107117	 84.271393	 389.362946	 460.999298	 85.660805	 391.227722	 480.922272	 72.352242
746.070496	 396.666168	 -2.764487	 726.181641	 412.790375	 -5.254751	 392.074493	 498.226135	 84.198990	 389.434570	 458.092407	 85.732460	 391.184845	 477.978394	 72.347412
746.069092	 396.663666	 -2.759980	 726.186462	 412.789825	 -5.256220	 391.770508	 495.131531	 84.323746	 389.461761	 454.986908	 85.891975	 391.125488	 474.861816	 72.496849
746.074402	 396.659546	 -2.766387	 726.183105	 412.789337	 -5.255444	 391.559692	 491.950928	 84.578331	 389.515930	 451.792969	 86.197945	 391.102600	 471.653778	 72.785057
746.074097	 396.654327	 -2.771101	 726.174866	 412.796082	 -5.255822	 391.423920	 488.753876	 84.888908	 389.570587	 448.595551	 86.679695	 391.098358	 468.409546	 73.177002
746.073914	 396.652130	 -2.774771	 726.171875	 412.803986	 -5.265060	 391.323700	 485.408813	 85.322884	 389.616241	 445.252289	 87.301155	 391.089264	 465.005463	 73.698860
746.069519	 396.642334	 -2.773145	 726.157166	 412.811615	 -5.270662	 391.206879	 481.837006	 85.857430	 389.623688	 441.682281	 88.032654	 391.028778	 461.369965	 74.338898
746.057739	 396.633484	 -2.767453	 726.139221	 412.818970	 -5.274104	 391.061066	 477.979797	 86.497650	 389.594330	 437.835754	 88.851120	 390.916962	 457.465973	 75.072426
746.059387	 396.626007	 -2.772490	 726.123535	 412.820068	 -5.277811	 390.870789	 473.785553	 87.237206	 389.552673	 433.645233	 89.717133	 390.766541	 453.235565	 75.871086
