748.597656	 400.125793	 -2.689280	 730.311218	 414.226318	 -4.836183	 386.824921	 356.008362	 85.938644	 385.949524	 315.791870	 87.069557	 386.384979	 335.861359	 73.865067
748.600159	 400.128235	 -2.697489	 730.305969	 414.232727	 -4.839100	 386.826202	 356.012817	 85.938110	 385.951019	 315.793640	 87.069435	 386.386078	 335.862396	 73.866714
748.595215	 400.124542	 -2.691011	 730.301331	 414.235840	 -4.839399	 386.827484	 356.011292	 85.939194	 385.953949	 315.794037	 87.070229	 386.386139	 335.865143	 73.866135
748.599121	 400.115540	 -2.686031	 730.294434	 414.235260	 -4.835321	 386.829437	 356.007629	 85.940331	 385.956116	 315.790955	 87.070564	 386.389954	 335.862183	 73.868248
748.607178	 400.110962	 -2.694353	 730.292847	 414.235779	 -4.834388	 386.831848	 356.009003	 85.939812	 385.959473	 315.792877	 87.065300	 386.394989	 335.863831	 73.864548
748.616089	 400.106689	 -2.696504	 730.295776	 414.234131	 -4.832672	 386.837402	 356.009308	 85.943573	 385.965912	 315.793121	 87.064041	 386.400909	 335.864807	 73.866753
748.623596	 400.103241	 -2.695508	 730.300293	 414.235260	 -4.830510	 386.844727	 356.010406	 85.943405	 385.972870	 315.793732	 87.067291	 386.409119	 335.863129	 73.869583
748.627502	 400.105713	 -2.686450	 730.310120	 414.238647	 -4.832369	 386.849243	 356.012329	 85.943588	 385.977692	 315.796417	 87.072014	 386.414246	 335.865234	 73.872559
748.636047	 400.108124	 -2.689024	 730.315796	 414.237213	 -4.826816	 386.853760	 356.010956	 85.948753	 385.983398	 315.794830	 87.074478	 386.421112	 335.864838	 73.869972
748.644958	 400.112213	 -2.698928	 730.316528	 414.236877	 -4.821658	 386.854095	 356.011292	 85.951385	 385.984436	 315.795593	 87.073105	 386.421906	 335.865417	 73.868019
748.644958	 400.116272	 -2.698277	 730.320190	 414.239105	 -4.821437	 386.850586	 356.013031	 85.950096	 385.980896	 315.797180	 87.070717	 386.415314	 335.866180	 73.873833
748.645996	 400.116028	 -2.694246	 730.324768	 414.237946	 -4.819980	 386.848572	 356.012146	 85.946930	 385.978821	 315.796143	 87.070999	 386.413269	 335.866241	 73.872543
748.642639	 400.116364	 -2.687799	 730.325378	 414.235840	 -4.819235	 386.844116	 356.013367	 85.948914	 385.972778	 315.797028	 87.075150	 386.408051	 335.868408	 73.874725
748.640991	 400.121582	 -2.687220	 730.328247	 414.233307	 -4.816791	 386.838806	 356.012177	 85.951309	 385.967468	 315.797028	 87.073730	 386.403351	 335.868439	 73.876511
748.644714	 400.123138	 -2.692892	 730.333191	 414.232361	 -4.815700	 386.835480	 356.007751	 85.952553	 385.963318	 315.793427	 87.073082	 386.395844	 335.863220	 73.877998
748.636108	 400.123169	 -2.688828	 730.333557	 414.234039	 -4.815475	 386.832916	 356.008301	 85.947990	 385.960297	 315.791077	 87.074203	 386.393341	 335.862213	 73.876358
748.625549	 400.114807	 -2.691123	 730.330627	 414.227295	 -4.812905	 386.832184	 356.006989	 85.948441	 385.961639	 315.790710	 87.073357	 386.397797	 335.862671	 73.870323
748.618225	 400.098419	 -2.698628	 730.331360	 414.217102	 -4.814500	 386.833984	 356.007355	 85.948372	 385.963623	 315.790192	 87.070084	 386.397247	 335.861908	 73.872093
748.614441	 400.087524	 -2.712030	 730.334656	 414.207184	 -4.820442	 386.834900	 356.010010	 85.941856	 385.962067	 315.792114	 87.074303	 386.398651	 335.863220	 73.872780
748.609985	 400.074280	 -2.714783	 730.331909	 414.189941	 -4.820550	 386.834534	 356.007263	 85.945366	 385.960632	 315.790192	 87.077629	 386.399994	 335.863342	 73.867744
748.610046	 400.061066	 -2.721929	 730.324341	 414.173737	 -4.821460	 386.835785	 356.007202	 85.945892	 385.960938	 315.790344	 87.073792	 386.398743	 335.862152	 73.872238
748.614441	 400.051025	 -2.728624	 730.321167	 414.152283	 -4.826254	 386.838470	 356.007507	 85.945580	 385.963440	 315.792664	 87.070457	 386.399017	 335.862946	 73.872551
748.619812	 400.030304	 -2.729097	 730.320251	 414.124451	 -4.828790	 386.841980	 356.005341	 85.945763	 385.968994	 315.790222	 87.069214	 386.402679	 335.861847	 73.873703
748.615967	 399.996094	 -2.731946	 730.310913	 414.092010	 -4.829017	 386.843201	 356.008331	 85.945335	 385.972473	 315.793304	 87.071579	 386.405182	 335.861877	 73.876259
748.613770	 399.952179	 -2.748302	 730.296448	 414.039764	 -4.824789	 386.846008	 356.009216	 85.949516	 385.973572	 315.792755	 87.077019	 386.408844	 335.861450	 73.874588
748.610168	 399.887177	 -2.758664	 730.280151	 413.993958	 -4.820313	 386.846527	 356.008209	 85.948181	 385.972260	 315.789429	 87.078415	 386.409058	 335.858398	 73.877625
748.594177	 399.807373	 -2.774563	 730.261536	 413.963409	 -4.810227	 386.841339	 356.009613	 85.948570	 385.967712	 315.792389	 87.077469	 386.404907	 335.861145	 73.876656
748.588257	 399.689514	 -2.813052	 730.227722	 413.909149	 -4.774024	 386.841064	 356.006927	 85.951546	 385.966492	 315.791748	 87.077995	 386.405579	 335.862732	 73.872581
748.584167	 399.504913	 -2.847976	 730.212463	 413.855042	 -4.686151	 386.842743	 356.009796	 85.949806	 385.968353	 315.792358	 87.078438	 386.406860	 335.863190	 73.872757
748.562378	 399.247253	 -2.900816	 730.209961	 413.775085	 -4.563980	 386.843872	 356.013184	 85.947044	 385.968933	 315.794739	 87.078690	 386.406464	 335.865936	 73.872147
748.486206	 398.900085	 -2.980952	 730.159607	 413.624878	 -4.427640	 386.845703	 356.010498	 85.948708	 385.969696	 315.793396	 87.080254	 386.409210	 335.864746	 73.868431
748.320862	 398.466553	 -3.099031	 730.018982	 413.421692	 -4.209797	 386.844482	 356.011475	 85.942604	 385.968719	 315.794678	 87.080750	 386.409821	 335.864655	 73.866219
748.044373	 397.930817	 -3.267227	 729.787659	 413.049133	 -3.757513	 386.841187	 356.010162	 85.938408	 385.967316	 315.794220	 87.076889	 386.406616	 335.865112	 73.863152
747.657654	 397.260712	 -2.840913	 729.352844	 412.466919	 -2.644105	 386.837036	 356.007660	 85.941254	 385.964081	 315.790894	 87.079025	 386.404114	 335.861450	 73.864067
747.122620	 396.545044	 -1.639372	 728.770935	 411.696136	 -0.709694	 386.836639	 356.009338	 85.942123	 385.961426	 315.792633	 87.079544	 386.400787	 335.860474	 73.867973
746.433777	 395.900726	 -0.354574	 728.091980	 410.764404	 2.002828	 386.841522	 356.007477	 85.945976	 385.966583	 315.791718	 87.077255	 386.407959	 335.862091	 73.864128
745.688049	 395.125549	 1.960274	 727.213257	 409.770416	 5.244174	 386.846649	 356.007996	 85.944977	 385.975403	 315.790222	 87.077087	 386.417877	 335.861877	 73.863472
744.934448	 393.863678	 5.260624	 726.195679	 408.459900	 8.852816	 386.856506	 356.010956	 85.935272	 385.981384	 315.791748	 87.075340	 386.421478	 335.863800	 73.863144
744.157837	 392.090637	 8.941541	 724.992554	 406.719147	 12.912682	 386.860870	 356.009338	 85.939377	 385.984131	 315.789429	 87.073845	 386.426422	 335.863068	 73.859894
743.317932	 390.013641	 12.958230	 723.537781	 404.663544	 17.434710	 386.856628	 356.009033	 85.944443	 385.985992	 315.790619	 87.072273	 386.428833	 335.866394	 73.861176
742.385315	 387.646423	 17.222023	 721.866760	 402.309387	 22.395794	 386.859344	 356.011810	 85.936424	 385.987610	 315.793610	 87.069405	 386.428802	 335.868896	 73.859299
741.356323	 385.005676	 21.680552	 719.977966	 399.707458	 27.720703	 386.862427	 356.012085	 85.933571	 385.988983	 315.792694	 87.068176	 386.427979	 335.865631	 73.856667
740.226563	 382.121124	 26.344284	 717.885254	 396.895782	 33.285236	 386.859802	 356.012085	 85.935951	 385.985535	 315.792542	 87.068390	 386.425842	 335.865540	 73.858208
738.974121	 379.030731	 31.197449	 715.623962	 393.892487	 38.954113	 386.860321	 356.008942	 85.932640	 385.983704	 315.789276	 87.069748	 386.422119	 335.864410	 73.861130
737.574463	 375.818909	 36.186607	 713.189636	 390.760529	 44.646648	 386.856506	 356.006744	 85.931496	 385.982666	 315.786346	 87.069504	 386.418793	 335.861176	 73.860168
735.974792	 372.539825	 41.310074	 710.563354	 387.580658	 50.272064	 386.849640	 356.008148	 85.935020	 385.974487	 315.789093	 87.068779	 386.410400	 335.860657	 73.861984
734.149597	 369.238373	 46.486752	 707.694702	 384.416168	 55.796715	 386.844604	 356.006042	 85.932854	 385.968719	 315.789398	 87.065193	 386.404541	 335.859528	 73.861458
732.061646	 365.960266	 51.620869	 704.471436	 381.340271	 61.296162	 386.841370	 356.007141	 85.927406	 385.966949	 315.789276	 87.061470	 386.404510	 335.860931	 73.852753
729.654114	 362.746429	 56.655800	 700.813232	 378.458130	 66.826782	 386.839081	 356.008179	 85.929390	 385.965424	 315.790100	 87.064018	 386.402222	 335.861633	 73.855927
726.882996	 359.597626	 61.580460	 696.681091	 375.878021	 72.450500	 386.843048	 356.006348	 85.928848	 385.966858	 315.788086	 87.062241	 386.406036	 335.859589	 73.855598
723.746521	 356.512787	 66.374207	 692.131653	 373.588531	 78.163361	 386.845490	 356.007202	 85.927399	 385.971222	 315.788269	 87.057922	 386.410583	 335.859039	 73.844215
720.216370	 353.466949	 71.088654	 687.277649	 371.430298	 83.843330	 386.847198	 356.006165	 85.926987	 385.972870	 315.788849	 87.055321	 386.410889	 335.860352	 73.842751
716.321533	 350.481232	 75.654808	 682.143860	 369.298126	 89.405739	 386.851624	 356.003845	 85.926323	 385.975586	 315.785400	 87.058624	 386.415527	 335.860291	 73.845062
712.054382	 347.557861	 80.048706	 676.714905	 367.200928	 94.778473	 386.852661	 356.006042	 85.928482	 385.980713	 315.785645	 87.059303	 386.417908	 335.859375	 73.846489
707.397827	 344.651978	 84.307266	 670.936951	 365.192413	 99.951897	 386.856506	 356.005707	 85.926720	 385.982330	 315.785858	 87.056740	 386.417603	 335.859314	 73.853455
702.391724	 341.742798	 88.387985	 664.765564	 363.353516	 104.949493	 386.855408	 356.004456	 85.929909	 385.980377	 315.786011	 87.061722	 386.418365	 335.858521	 73.850601
697.029419	 338.842499	 92.301857	 658.217285	 361.705292	 109.767349	 386.850525	 356.006104	 85.931770	 385.980164	 315.789246	 87.059647	 386.417725	 335.860992	 73.844688
691.312256	 335.987823	 96.034958	 651.337952	 360.217499	 114.305748	 386.847992	 356.003845	 85.933685	 385.978821	 315.788452	 87.058975	 386.414948	 335.860657	 73.855583
685.258850	 333.196075	 99.578148	 644.142883	 358.872253	 118.464790	 386.847046	 356.005402	 85.935349	 385.976166	 315.788300	 87.064041	 386.416016	 335.860718	 73.852783
678.839539	 330.456573	 102.967430	 636.595947	 357.652618	 122.237221	 386.845612	 356.007599	 85.933777	 385.974670	 315.790344	 87.062584	 386.413605	 335.863342	 73.850182
672.126404	 327.731079	 106.018860	 628.633850	 356.601166	 125.638580	 386.841492	 356.004486	 85.939507	 385.972931	 315.789551	 87.062180	 386.409698	 335.860657	 73.857742
665.169189	 324.962372	 108.670250	 620.259827	 355.772858	 128.655762	 386.838440	 356.004578	 85.944069	 385.969849	 315.790039	 87.065575	 386.405823	 335.860352	 73.864746
657.988464	 322.136841	 110.990601	 611.550415	 355.125977	 131.193832	 386.840515	 356.004639	 85.938774	 385.969177	 315.789825	 87.064133	 386.405914	 335.860718	 73.861404
650.621277	 319.313416	 112.986008	 602.577881	 354.623016	 133.206390	 386.843414	 356.004211	 85.933044	 385.970947	 315.786346	 87.058975	 386.408142	 335.859192	 73.855835
643.000305	 316.560944	 114.665199	 593.411987	 354.313324	 134.646225	 386.845245	 356.006287	 85.935776	 385.971924	 315.788300	 87.061691	 386.407410	 335.860229	 73.863373
635.112061	 313.936279	 115.924759	 584.123779	 354.239807	 135.495789	 386.848053	 356.004700	 85.939415	 385.974731	 315.787994	 87.067902	 386.409912	 335.859741	 73.868675
626.986877	 311.456238	 116.686768	 574.779236	 354.396881	 135.788010	 386.851837	 356.005798	 85.937408	 385.977356	 315.786957	 87.070038	 386.415344	 335.858551	 73.863625
618.658691	 309.128876	 116.979996	 565.456116	 354.739655	 135.634598	 386.850372	 356.007019	 85.939590	 385.978088	 315.790100	 87.066803	 386.415741	 335.860596	 73.858368
610.211548	 306.965149	 116.895004	 556.209534	 355.277100	 135.193817	 386.847412	 356.004395	 85.943184	 385.977692	 315.788666	 87.063019	 386.415924	 335.861450	 73.856804
601.698853	 304.979309	 116.612366	 547.098511	 356.048676	 134.517868	 386.847443	 356.005859	 85.940895	 385.977448	 315.790741	 87.062965	 386.415741	 335.863251	 73.859505
593.177063	 303.156311	 116.250778	 538.201172	 357.058563	 133.537003	 386.845001	 356.005707	 85.943336	 385.975281	 315.791809	 87.067513	 386.408936	 335.862671	 73.867416
584.678833	 301.498016	 115.824760	 529.581360	 358.293793	 132.158310	 386.844452	 356.004211	 85.941483	 385.972107	 315.788055	 87.067886	 386.407745	 335.858887	 73.863785
576.232727	 300.012451	 115.150162	 521.288879	 359.731232	 130.390045	 386.843750	 356.006470	 85.937347	 385.966980	 315.788666	 87.069466	 386.405792	 335.859589	 73.866295
567.907227	 298.640411	 113.969604	 513.344604	 361.288422	 128.368164	 386.839020	 356.004303	 85.942970	 385.963013	 315.787231	 87.072525	 386.402618	 335.858337	 73.868996
559.807251	 297.328369	 112.178101	 505.766479	 362.896698	 126.273186	 386.833801	 356.003571	 85.943817	 385.959991	 315.786957	 87.067467	 386.398743	 335.855713	 73.865158
551.963440	 296.064728	 109.976585	 498.587067	 364.513885	 124.243149	 386.829224	 356.005554	 85.941231	 385.952545	 315.789673	 87.069221	 386.391357	 335.859070	 73.866417
544.387085	 294.895294	 107.644814	 491.826111	 366.048981	 122.301781	 386.827301	 356.004242	 85.939453	 385.951019	 315.788696	 87.072090	 386.390350	 335.860626	 73.858643
537.111084	 293.872803	 105.351135	 485.456940	 367.382050	 120.344482	 386.826019	 356.006958	 85.943939	 385.949921	 315.790039	 87.073326	 386.391449	 335.861359	 73.855690
530.173889	 292.974091	 103.261238	 479.433899	 368.482239	 118.189270	 386.827850	 356.008148	 85.946365	 385.950592	 315.792053	 87.074623	 386.391937	 335.861816	 73.864479
523.630005	 292.113953	 101.468460	 473.743378	 369.512268	 115.702675	 386.830414	 356.004700	 85.943954	 385.954346	 315.788666	 87.077850	 386.392822	 335.858490	 73.870209
517.495422	 291.239349	 99.927658	 468.430878	 370.667511	 112.887390	 386.828705	 356.004761	 85.946739	 385.953522	 315.787903	 87.079140	 386.392578	 335.859222	 73.867050
511.731689	 290.356140	 98.546089	 463.542419	 371.959503	 109.887932	 386.830902	 356.004150	 85.946686	 385.954163	 315.786591	 87.079018	 386.397064	 335.860291	 73.861008
506.288513	 289.517059	 97.178291	 459.055450	 373.236847	 106.896606	 386.833435	 356.003571	 85.944443	 385.956604	 315.784698	 87.077614	 386.399963	 335.857086	 73.861473
501.111511	 288.786224	 95.715126	 454.905060	 374.366669	 104.087303	 386.833252	 356.004578	 85.946175	 385.957214	 315.787079	 87.076317	 386.398865	 335.858734	 73.860603
496.150055	 288.184845	 94.227531	 451.050018	 375.364868	 101.576149	 386.835571	 356.003479	 85.948456	 385.959106	 315.786011	 87.073906	 386.397797	 335.857544	 73.866402
491.411011	 287.725189	 92.804573	 447.465424	 376.263428	 99.341431	 386.836792	 356.004059	 85.943039	 385.959503	 315.785522	 87.072121	 386.399841	 335.856598	 73.864861
486.918335	 287.367462	 91.547157	 444.110016	 377.042389	 97.282204	 386.834442	 356.006775	 85.938637	 385.957336	 315.787201	 87.075699	 386.396576	 335.861328	 73.862259
482.678406	 287.073029	 90.458984	 440.979950	 377.784271	 95.245033	 386.833038	 356.005371	 85.940804	 385.954010	 315.785034	 87.076698	 386.393341	 335.859406	 73.865723
478.662109	 286.846069	 89.470963	 438.108124	 378.593414	 93.113815	 386.831299	 356.003967	 85.942039	 385.952667	 315.786316	 87.072197	 386.394318	 335.859283	 73.864014
474.838684	 286.695831	 88.477783	 435.457458	 379.397461	 91.011642	 386.829224	 356.004669	 85.942581	 385.952759	 315.788452	 87.071693	 386.394348	 335.860535	 73.861122
471.226624	 286.581818	 87.396080	 432.950165	 380.069275	 89.142715	 386.827759	 356.003815	 85.943665	 385.950684	 315.786530	 87.077248	 386.392975	 335.858795	 73.860573
467.805054	 286.473022	 86.244789	 430.536652	 380.566162	 87.599136	 386.825745	 356.003540	 85.948959	 385.950684	 315.786011	 87.075890	 386.389252	 335.858063	 73.864601
464.571259	 286.364624	 85.077049	 428.202698	 380.872070	 86.377747	 386.828033	 356.001801	 85.948357	 385.950592	 315.784943	 87.078758	 386.391418	 335.856140	 73.870094
461.550110	 286.221130	 83.937614	 425.960632	 381.031128	 85.420448	 386.827820	 356.000244	 85.945946	 385.950684	 315.783020	 87.081795	 386.394775	 335.854095	 73.865990
458.713989	 286.060944	 82.879051	 423.819916	 381.122009	 84.611954	 386.825409	 356.002441	 85.949013	 385.953308	 315.784424	 87.077538	 386.394714	 335.856354	 73.862396
456.030670	 285.926697	 81.919189	 421.773834	 381.177094	 83.782684	 386.826630	 356.002197	 85.946693	 385.953613	 315.784241	 87.073067	 386.391693	 335.857208	 73.866226
453.467316	 285.874512	 81.059479	 419.834412	 381.256470	 82.782745	 386.824432	 356.001923	 85.950180	 385.951141	 315.783997	 87.069550	 386.388458	 335.857178	 73.864586
450.992004	 285.928528	 80.302933	 418.016144	 381.395233	 81.573967	 386.820190	 356.003143	 85.949890	 385.947998	 315.787018	 87.069824	 386.384644	 335.859650	 73.863815
448.600372	 286.064514	 79.573402	 416.304047	 381.552185	 80.182518	 386.819153	 356.001312	 85.944046	 385.942474	 315.784393	 87.075104	 386.381378	 335.856995	 73.868576
446.288788	 286.292267	 78.795143	 414.666016	 381.653442	 78.615074	 386.814056	 356.001160	 85.947983	 385.939697	 315.782227	 87.073669	 386.377869	 335.854156	 73.870316
444.057587	 286.588593	 78.038269	 413.110413	 381.647186	 76.845261	 386.810211	 356.000519	 85.951241	 385.939178	 315.783417	 87.072975	 386.377167	 335.856964	 73.866165
441.910980	 287.002563	 77.351753	 411.689178	 381.601227	 74.909828	 386.808136	 355.998566	 85.949547	 385.935699	 315.782166	 87.072189	 386.374817	 335.854736	 73.862953
439.835968	 287.582581	 76.780762	 410.479370	 381.641205	 72.945328	 386.801697	 356.000244	 85.948158	 385.930542	 315.782715	 87.068810	 386.370789	 335.853485	 73.862740
437.868622	 288.300140	 76.285492	 409.506409	 381.797028	 71.118607	 386.802460	 355.999237	 85.946663	 385.926147	 315.782043	 87.071167	 386.369751	 335.855377	 73.858505
436.015839	 289.099976	 75.788582	 408.721405	 381.983459	 69.498062	 386.801849	 355.998657	 85.946671	 385.923645	 315.781281	 87.077614	 386.365234	 335.853821	 73.863403
434.257202	 289.945831	 75.215363	 408.019135	 382.033142	 68.085709	 386.797943	 356.000549	 85.950722	 385.924500	 315.783875	 87.076805	 386.362427	 335.855194	 73.865295
432.606110	 290.776154	 74.555893	 407.315979	 381.857544	 66.874451	 386.802460	 356.000214	 85.947075	 385.927521	 315.783600	 87.070976	 386.367462	 335.857239	 73.861389
431.072083	 291.546631	 73.854675	 406.608215	 381.439240	 65.826004	 386.803040	 356.002350	 85.946068	 385.925903	 315.783813	 87.078003	 386.371246	 335.857697	 73.856728
429.647919	 292.292145	 73.162010	 405.928040	 380.787048	 64.898155	 386.802032	 356.002258	 85.950600	 385.925262	 315.784821	 87.081139	 386.370087	 335.857849	 73.857918
428.329315	 293.012421	 72.519203	 405.343201	 380.058563	 64.074173	 386.802856	 356.000214	 85.946190	 385.926270	 315.783569	 87.072334	 386.365143	 335.854523	 73.862587
427.122772	 293.625458	 71.926857	 404.882416	 379.355408	 63.376747	 386.790863	 356.004059	 85.942543	 385.915375	 315.785461	 87.068871	 386.354980	 335.855774	 73.859840
426.045441	 294.042542	 71.422180	 404.507935	 378.668396	 62.840393	 386.773956	 356.004974	 85.941612	 385.897430	 315.786743	 87.070183	 386.339813	 335.859253	 73.857986
425.083527	 294.230652	 71.006920	 404.179199	 377.956696	 62.402298	 386.754303	 356.009613	 85.929993	 385.872803	 315.790680	 87.069145	 386.321472	 335.862091	 73.855835
424.213104	 294.342102	 70.710663	 403.891205	 377.030243	 61.924561	 386.711151	 356.015778	 85.921059	 385.825989	 315.798889	 87.063072	 386.281067	 335.869812	 73.849159
423.443268	 294.412170	 70.564781	 403.692108	 375.956726	 61.459290	 386.594269	 356.012299	 85.905052	 385.716888	 315.796600	 87.050552	 386.186340	 335.867371	 73.829849
422.727631	 294.417664	 70.388977	 403.854706	 375.668488	 61.414104	 386.575195	 355.998413	 85.912727	 385.714417	 315.782043	 87.056259	 386.161774	 335.851440	 73.837341
422.028748	 294.669830	 70.218163	 404.289307	 375.850739	 61.519081	 386.614563	 355.987396	 85.927269	 385.776001	 315.772522	 87.065453	 386.206482	 335.843079	 73.857864
420.794464	 295.496582	 70.120956	 405.202240	 376.129883	 61.525101	 386.537598	 355.980621	 85.915016	 385.690735	 315.764038	 87.055969	 386.132935	 335.834351	 73.844177
420.278229	 295.899994	 70.085320	 405.697601	 376.299438	 61.482147	 386.516754	 355.969025	 85.914375	 385.670135	 315.754059	 87.054184	 386.114960	 335.825104	 73.845154
419.820862	 296.281372	 70.064323	 406.126740	 376.451477	 61.452610	 386.456909	 355.957245	 85.909653	 385.606873	 315.741272	 87.052330	 386.061829	 335.812805	 73.838799
419.404480	 296.605743	 70.000038	 406.440735	 376.561676	 61.456562	 386.377960	 355.950684	 85.900360	 385.515961	 315.734131	 87.044197	 385.982574	 335.806335	 73.828690
419.038666	 296.896973	 69.955750	 406.663361	 376.635193	 61.489594	 386.289734	 355.945282	 85.891602	 385.412628	 315.728973	 87.038437	 385.892944	 335.798706	 73.824387
418.711884	 297.161530	 69.929642	 406.835022	 376.696625	 61.540791	 386.189301	 355.943390	 85.885437	 385.300171	 315.724731	 87.031090	 385.794525	 335.792725	 73.818237
418.419403	 297.406189	 69.953712	 406.965424	 376.744965	 61.637627	 386.079468	 355.941101	 85.886322	 385.187958	 315.722260	 87.024391	 385.694611	 335.791931	 73.806244
418.158325	 297.614807	 70.026642	 407.051025	 376.776398	 61.787079	 385.965851	 355.937225	 85.881302	 385.071808	 315.717010	 87.019318	 385.596741	 335.789001	 73.799248
417.916656	 297.783356	 70.123718	 407.087036	 376.795685	 61.958038	 385.828430	 355.933044	 85.877510	 384.930511	 315.712860	 87.007233	 385.475250	 335.783600	 73.790833
417.685822	 297.909546	 70.239349	 407.071869	 376.787231	 62.123875	 385.670197	 355.921814	 85.877090	 384.764862	 315.703217	 86.990768	 385.331604	 335.772675	 73.780449
417.468811	 297.988861	 70.343582	 407.020477	 376.753204	 62.279263	 385.501129	 355.901093	 85.875908	 384.578461	 315.681213	 86.984306	 385.175385	 335.752197	 73.772881
417.257477	 298.039368	 70.432396	 406.950043	 376.706177	 62.450447	 385.331879	 355.877106	 85.869720	 384.384430	 315.659241	 86.984238	 385.012634	 335.725555	 73.776894
417.052612	 298.068298	 70.535835	 406.873352	 376.646240	 62.627731	 385.168091	 355.852844	 85.856110	 384.186218	 315.637085	 86.985809	 384.857056	 335.703094	 73.776352
416.852142	 298.071777	 70.639900	 406.799469	 376.583344	 62.796391	 385.004333	 355.830170	 85.852173	 383.975403	 315.615906	 86.986282	 384.700745	 335.682587	 73.771019
416.653900	 298.067566	 70.749359	 406.727112	 376.524414	 62.960999	 384.843903	 355.821503	 85.864464	 383.763306	 315.608246	 86.990402	 384.541565	 335.672211	 73.784401
416.459442	 298.064453	 70.898720	 406.654785	 376.469452	 63.160118	 384.684906	 355.827789	 85.895020	 383.552429	 315.614410	 87.015968	 384.395172	 335.679230	 73.815567
416.274567	 298.074097	 71.119392	 406.580566	 376.429596	 63.437176	 384.519684	 355.840576	 85.980537	 383.341339	 315.628723	 87.097504	 384.256866	 335.691101	 73.893349
416.104523	 298.108398	 71.459526	 406.512939	 376.412384	 63.813572	 384.346802	 355.859772	 86.186905	 383.135834	 315.649780	 87.291557	 384.117920	 335.711853	 74.087128
415.947876	 298.166107	 71.952202	 406.467194	 376.419525	 64.313286	 384.204773	 355.904572	 86.538811	 382.953003	 315.694946	 87.636383	 383.997589	 335.760040	 74.436729
415.801605	 298.245514	 72.610863	 406.447083	 376.454742	 64.975563	 384.113251	 355.994720	 87.060547	 382.804016	 315.786835	 88.153770	 383.906616	 335.849182	 74.965073
415.674896	 298.331909	 73.461861	 406.460052	 376.500732	 65.787498	 384.067108	 356.111450	 87.782616	 382.680481	 315.907440	 88.885750	 383.848328	 335.963074	 75.691658
415.558075	 298.403595	 74.515175	 406.486694	 376.546997	 66.764725	 384.057251	 356.240631	 88.714523	 382.582672	 316.041260	 89.839378	 383.809967	 336.085266	 76.635033
415.447571	 298.460144	 75.760216	 406.495056	 376.588898	 67.955841	 384.055756	 356.372131	 89.869911	 382.500244	 316.176727	 91.011787	 383.763794	 336.209290	 77.811638
415.346405	 298.475525	 77.221924	 406.464111	 376.597260	 69.344521	 384.037048	 356.464630	 91.240028	 382.411102	 316.272827	 92.416779	 383.702637	 336.294952	 79.192039
415.237732	 298.431763	 78.845688	 406.361206	 376.560883	 70.953316	 383.980774	 356.491760	 92.806725	 382.308105	 316.302887	 94.018250	 383.613159	 336.313385	 80.773186
415.122589	 298.359070	 80.662628	 406.189209	 376.487488	 72.780563	 383.871368	 356.453918	 94.595253	 382.190826	 316.264648	 95.807274	 383.476837	 336.270569	 82.577339
415.001587	 298.271484	 82.686615	 405.971710	 376.390808	 74.813225	 383.718262	 356.359833	 96.615318	 382.059143	 316.172150	 97.820595	 383.320343	 336.178497	 84.576881
414.858032	 298.186981	 84.854874	 405.718201	 376.299561	 77.055923	 383.542786	 356.245483	 98.827209	 381.924011	 316.058136	 100.036446	 383.146057	 336.067047	 86.792023
414.715118	 298.118530	 87.216820	 405.446655	 376.204132	 79.501793	 383.359192	 356.117523	 101.236626	 381.790955	 315.925812	 102.435341	 382.962067	 335.945648	 89.214996
414.566467	 298.027008	 89.778046	 405.163513	 376.082794	 82.175888	 383.160675	 355.947815	 103.884277	 381.645905	 315.751312	 105.049416	 382.774384	 335.784973	 91.840065
414.416443	 297.910400	 92.555847	 404.872284	 375.940308	 85.109268	 382.950989	 355.736938	 106.778183	 381.504120	 315.534515	 107.882088	 382.583160	 335.590668	 94.688499
414.277985	 297.776245	 95.587128	 404.600311	 375.780518	 88.307968	 382.755676	 355.495361	 109.939972	 381.377411	 315.289215	 110.948975	 382.401581	 335.378387	 97.802643
414.153076	 297.622772	 98.880150	 404.358032	 375.610809	 91.796448	 382.578949	 355.247803	 113.370064	 381.258972	 315.039429	 114.272415	 382.233246	 335.158203	 101.182564
414.032837	 297.462189	 102.435104	 404.130341	 375.437561	 95.585663	 382.413818	 355.002655	 117.064339	 381.141235	 314.785889	 117.872383	 382.075439	 334.941406	 104.835548
413.932953	 297.290009	 106.301788	 403.910858	 375.255737	 99.662102	 382.260773	 354.740845	 121.056282	 381.031799	 314.518555	 121.762016	 381.928680	 334.719208	 108.766541
413.846100	 297.116974	 110.473213	 403.703613	 375.082672	 104.043434	 382.113464	 354.477478	 125.351677	 380.939056	 314.252594	 125.932823	 381.788757	 334.494507	 112.997818
413.785156	 296.951477	 114.923683	 403.504486	 374.908478	 108.691483	 381.988342	 354.214050	 129.939056	 380.871277	 313.987427	 130.395401	 381.669495	 334.265503	 117.514214
413.760406	 296.778290	 119.640297	 403.310791	 374.723938	 113.612770	 381.890686	 353.943176	 134.795441	 380.836670	 313.713745	 135.151566	 381.569214	 334.027435	 122.324936
413.744385	 296.611298	 124.541672	 403.125366	 374.544434	 118.779655	 381.811127	 353.667755	 139.926193	 380.846039	 313.437561	 140.184052	 381.492249	 333.787628	 127.411057
413.774719	 296.445374	 129.694595	 402.956940	 374.353760	 124.146172	 381.790436	 353.388977	 145.325104	 380.921051	 313.155212	 145.488892	 381.464874	 333.539276	 132.757538
413.844849	 296.270874	 135.055145	 402.802582	 374.150055	 129.729782	 381.828735	 353.101593	 150.974991	 381.056152	 312.861237	 151.071564	 381.481049	 333.274994	 138.371826
413.967865	 296.096863	 140.621460	 402.676697	 373.944916	 135.534439	 381.918365	 352.806366	 156.878860	 381.252747	 312.562714	 156.910934	 381.536652	 333.001465	 144.244431
414.154358	 295.929779	 146.420258	 402.607056	 373.746490	 141.555237	 382.084259	 352.522980	 163.020966	 381.532257	 312.279907	 163.002716	 381.654999	 332.736694	 150.366592
414.404114	 295.788452	 152.467865	 402.610413	 373.582062	 147.755814	 382.338654	 352.279236	 169.381699	 381.903320	 312.038879	 169.337143	 381.857880	 332.505341	 156.709351
414.728790	 295.688995	 158.715897	 402.693115	 373.454712	 154.127106	 382.686218	 352.086456	 175.939377	 382.359802	 311.847961	 175.890884	 382.142029	 332.319946	 163.268707
415.132233	 295.619049	 165.147247	 402.850769	 373.356934	 160.656631	 383.119415	 351.937347	 182.674423	 382.909607	 311.700958	 182.630264	 382.513062	 332.171326	 170.005814
415.611969	 295.574432	 171.701752	 403.081390	 373.283569	 167.312775	 383.635620	 351.822754	 189.552094	 383.539734	 311.586456	 189.524628	 382.954315	 332.045258	 176.898209
416.158508	 295.541199	 178.364960	 403.384796	 373.219940	 174.089783	 384.237793	 351.720978	 196.546844	 384.242737	 311.481964	 196.551025	 383.467499	 331.931244	 183.920090
416.768433	 295.506195	 185.112549	 403.756561	 373.161896	 180.973663	 384.914642	 351.615997	 203.633957	 385.019287	 311.369598	 203.662704	 384.058624	 331.819275	 191.030914
417.443146	 295.474976	 191.881790	 404.198914	 373.105286	 187.917343	 385.662354	 351.501526	 210.770569	 385.864319	 311.248260	 210.799164	 384.721069	 331.704742	 198.187164
418.171448	 295.434204	 198.647400	 404.714233	 373.038788	 194.888168	 386.475800	 351.373413	 217.914612	 386.765137	 311.122589	 217.912521	 385.450867	 331.589844	 205.326706
418.947327	 295.374725	 205.388474	 405.305817	 372.964447	 201.844376	 387.347809	 351.239441	 225.035095	 387.712433	 310.991272	 224.972549	 386.236694	 331.470612	 212.426102
419.782990	 295.302032	 212.091431	 405.967560	 372.879486	 208.774002	 388.276276	 351.089508	 232.103546	 388.705719	 310.840973	 231.979279	 387.083344	 331.338226	 219.474106
420.679413	 295.204071	 218.753815	 406.694580	 372.769745	 215.664200	 389.260651	 350.903961	 239.115082	 389.756561	 310.657104	 238.912918	 387.995422	 331.178772	 226.455551
421.656067	 295.084015	 225.345551	 407.493622	 372.640808	 222.490128	 390.305969	 350.699066	 246.059647	 390.877319	 310.452667	 245.746002	 388.972900	 330.997101	 233.359741
422.709900	 294.954224	 231.838409	 408.354309	 372.496643	 229.226471	 391.408478	 350.487244	 252.891403	 392.060486	 310.245026	 252.486343	 390.018005	 330.803772	 240.157623
423.832214	 294.811859	 238.216431	 409.264313	 372.334930	 235.839249	 392.557861	 350.253540	 259.582275	 393.295471	 310.015198	 259.117218	 391.118073	 330.587921	 246.831085
425.013062	 294.658722	 244.457718	 410.205750	 372.158478	 242.281708	 393.735443	 350.002380	 266.106659	 394.572144	 309.766876	 265.592102	 392.262726	 330.349365	 253.341431
426.233124	 294.515656	 250.517120	 411.158264	 371.977417	 248.521866	 394.928223	 349.752960	 272.412628	 395.875275	 309.519135	 271.863647	 393.430817	 330.106262	 259.639709
427.467651	 294.385406	 256.368683	 412.114899	 371.808563	 254.510468	 396.113678	 349.520447	 278.465027	 397.182617	 309.284149	 277.902557	 394.600677	 329.874451	 265.700378
428.692780	 294.277740	 261.970398	 413.056885	 371.657928	 260.202026	 397.267853	 349.320831	 284.227600	 398.475128	 309.087128	 283.661682	 395.758820	 329.669037	 271.478912
429.894623	 294.189362	 267.281311	 413.971466	 371.518707	 265.559448	 398.374786	 349.144653	 289.666077	 399.722809	 308.917419	 289.110596	 396.882233	 329.481476	 276.922943
431.068542	 294.117035	 272.262482	 414.837219	 371.395721	 270.571075	 399.420868	 348.986389	 294.747223	 400.916382	 308.763641	 294.215820	 397.961548	 329.310760	 282.013397
432.205170	 294.079132	 276.920837	 415.659698	 371.301941	 275.210724	 400.412567	 348.867004	 299.447266	 402.063232	 308.648804	 298.951263	 398.990204	 329.173309	 286.738281
433.313873	 294.089203	 281.244568	 416.449432	 371.249634	 279.459656	 401.356598	 348.797302	 303.761688	 403.161255	 308.586151	 303.334503	 399.981659	 329.078125	 291.093353
434.382568	 294.152313	 285.228577	 417.190521	 371.250305	 283.305328	 402.244141	 348.793732	 307.672455	 404.209930	 308.588379	 307.342438	 400.922058	 329.037537	 295.060028
435.388245	 294.259735	 288.826843	 417.873077	 371.292969	 286.734711	 403.047211	 348.851532	 311.167450	 405.175323	 308.653015	 310.957092	 401.787170	 329.051666	 298.627472
436.307159	 294.392853	 292.023590	 418.468872	 371.364777	 289.754150	 403.737427	 348.948822	 314.223663	 406.021912	 308.758331	 314.147858	 402.559021	 329.104828	 301.747375
437.129425	 294.558746	 294.810822	 418.964966	 371.472290	 292.350586	 404.300690	 349.087646	 316.831879	 406.739258	 308.904846	 316.881409	 403.208954	 329.200409	 304.412994
437.846924	 294.763031	 297.166199	 419.378296	 371.625671	 294.502869	 404.750061	 349.271027	 318.991486	 407.326477	 309.098175	 319.158325	 403.746460	 329.347290	 306.625702
438.446167	 295.025055	 299.071594	 419.728760	 371.848999	 296.202606	 405.117340	 349.517761	 320.696411	 407.815613	 309.355194	 320.979462	 404.202728	 329.559235	 308.378632
438.947540	 295.375824	 300.507385	 420.036865	 372.152008	 297.452667	 405.428589	 349.848206	 321.953278	 408.230621	 309.692383	 322.341583	 404.591370	 329.856110	 309.683228
439.363373	 295.788513	 301.482971	 420.315308	 372.526398	 298.241180	 405.702209	 350.254211	 322.762207	 408.577148	 310.102203	 323.240662	 404.922455	 330.233643	 310.537567
439.684784	 296.240143	 301.968323	 420.559662	 372.957397	 298.554352	 405.932739	 350.712433	 323.111450	 408.853455	 310.566284	 323.665955	 405.193390	 330.665070	 310.923187
439.907318	 296.697510	 301.922333	 420.759338	 373.399139	 298.386078	 406.112915	 351.179688	 322.970825	 409.052521	 311.037445	 323.572815	 405.393555	 331.116974	 310.804993
440.014130	 297.108643	 301.307312	 420.913727	 373.813049	 297.733215	 406.243103	 351.612762	 322.322968	 409.154907	 311.468140	 322.946594	 405.516968	 331.545654	 310.178772
439.993103	 297.441589	 300.104523	 421.015930	 374.171661	 296.598114	 406.299072	 351.974823	 321.168274	 409.140228	 311.825439	 321.764038	 405.550659	 331.920593	 309.007813
439.825073	 297.678833	 298.299652	 421.037628	 374.440857	 294.974060	 406.238495	 352.217102	 319.481476	 408.986816	 312.059509	 319.963013	 405.462708	 332.201202	 307.258057
439.504944	 297.806671	 295.905518	 420.921997	 374.611694	 292.838470	 406.000824	 352.306580	 317.231293	 408.647797	 312.139313	 317.529877	 405.209290	 332.351685	 304.904510
439.036774	 297.845642	 292.924500	 420.628815	 374.683502	 290.193481	 405.544067	 352.252655	 314.405823	 408.106201	 312.081085	 314.465912	 404.770050	 332.379425	 301.942200
438.428070	 297.815338	 289.409302	 420.163177	 374.676331	 287.018463	 404.875336	 352.098938	 310.993896	 407.375122	 311.924103	 310.792999	 404.147247	 332.311859	 298.391785
437.700104	 297.760254	 285.427490	 419.539063	 374.639954	 283.304657	 404.006958	 351.919098	 307.011322	 406.472778	 311.744568	 306.574829	 403.367493	 332.210419	 294.279816
436.888123	 297.732635	 281.013855	 418.781616	 374.609985	 279.054688	 402.973694	 351.776733	 302.490784	 405.437683	 311.606171	 301.867645	 402.460968	 332.130798	 289.654816
436.010132	 297.742462	 276.235565	 417.920441	 374.606049	 274.271057	 401.829132	 351.701813	 297.456055	 404.311707	 311.533539	 296.727203	 401.470215	 332.094147	 284.548157
435.098541	 297.799896	 271.105072	 416.974152	 374.636566	 268.987213	 400.607941	 351.706604	 291.934998	 403.130493	 311.540375	 291.197998	 400.416199	 332.106323	 279.005951
434.169525	 297.899048	 265.659973	 415.971436	 374.696716	 263.253052	 399.346375	 351.787628	 285.977325	 401.921631	 311.623993	 285.327057	 399.330872	 332.172211	 273.074097
433.224335	 298.032166	 259.935883	 414.935883	 374.786224	 257.123840	 398.060455	 351.929932	 279.643616	 400.700439	 311.769806	 279.151001	 398.231384	 332.277832	 266.804810
432.270935	 298.193115	 253.923233	 413.867523	 374.893646	 250.644485	 396.748901	 352.106018	 272.990906	 399.464874	 311.949707	 272.684937	 397.106903	 332.400696	 260.233124
431.300964	 298.354767	 247.643646	 412.781647	 374.995636	 243.863251	 395.414703	 352.277161	 266.060242	 398.217529	 312.127930	 265.951050	 395.975525	 332.520172	 253.384064
430.314758	 298.508392	 241.121628	 411.693390	 375.090698	 236.836685	 394.079041	 352.437225	 258.878204	 396.967255	 312.293701	 258.967438	 394.841522	 332.626465	 246.291611
429.321625	 298.661591	 234.374832	 410.619995	 375.187744	 229.628998	 392.767517	 352.592896	 251.504395	 395.726074	 312.456085	 251.760590	 393.717102	 332.735748	 238.994919
428.340698	 298.814178	 227.455444	 409.588135	 375.287964	 222.300415	 391.501862	 352.738403	 243.991608	 394.510315	 312.608215	 244.394196	 392.622162	 332.845276	 231.552643
427.388550	 298.975769	 220.424850	 408.616638	 375.405090	 214.893524	 390.288757	 352.884033	 236.394836	 393.334290	 312.761139	 236.934311	 391.569427	 332.962280	 224.022705
426.469391	 299.154327	 213.339706	 407.728058	 375.552582	 207.461914	 389.149567	 353.053711	 228.780777	 392.211456	 312.935913	 229.433975	 390.575806	 333.110779	 216.469620
425.601776	 299.345886	 206.205505	 406.938995	 375.725342	 200.048660	 388.105804	 353.258087	 221.189514	 391.152771	 313.139404	 221.931885	 389.660187	 333.297821	 208.925232
424.782654	 299.542603	 199.072189	 406.237152	 375.916962	 192.702652	 387.153168	 353.478180	 213.642075	 390.160828	 313.353790	 214.448837	 388.820068	 333.505005	 201.419861
424.010529	 299.731873	 191.976196	 405.608063	 376.110077	 185.452713	 386.275665	 353.683563	 206.186584	 389.235474	 313.553833	 207.006699	 388.049469	 333.709869	 193.967651
423.288574	 299.919617	 184.946640	 405.047729	 376.314270	 178.308029	 385.464722	 353.882599	 198.840988	 388.382416	 313.753479	 199.625046	 387.343689	 333.925690	 186.594284
422.611938	 300.139679	 178.032547	 404.550018	 376.553650	 171.295242	 384.726990	 354.121124	 191.606873	 387.590729	 313.991089	 192.347198	 386.701050	 334.180573	 179.340027
421.975403	 300.408325	 171.253937	 404.110748	 376.843536	 164.425186	 384.054779	 354.421295	 184.522141	 386.845978	 314.289215	 185.233978	 386.114563	 334.495819	 172.237549
421.377380	 300.738770	 164.643723	 403.734741	 377.205505	 157.711121	 383.449310	 354.808167	 177.596588	 386.151642	 314.672272	 178.294708	 385.574768	 334.888641	 165.314453
420.804413	 301.142670	 158.233139	 403.423126	 377.640289	 151.157593	 382.905670	 355.292877	 170.839722	 385.489960	 315.147705	 171.564728	 385.075928	 335.364410	 158.587112
420.250671	 301.594299	 152.029388	 403.159363	 378.122559	 144.770462	 382.410309	 355.846466	 164.275009	 384.864319	 315.688538	 165.039627	 384.614075	 335.902191	 152.060028
419.724701	 302.067261	 146.035095	 402.920746	 378.628204	 138.557709	 381.942932	 356.432892	 157.903244	 384.267548	 316.260681	 158.720261	 384.188965	 336.468262	 145.723221
419.233459	 302.560211	 140.261734	 402.680328	 379.131226	 132.561279	 381.480896	 357.019348	 151.754669	 383.690552	 316.843048	 152.631516	 383.774292	 337.032867	 139.604034
418.778961	 303.061340	 134.781952	 402.427429	 379.634735	 126.800201	 381.024933	 357.602356	 145.848053	 383.142761	 317.430298	 146.808853	 383.376617	 337.593384	 133.738358
418.375977	 303.594513	 129.628189	 402.190887	 380.159424	 121.289886	 380.602783	 358.219391	 140.198105	 382.644318	 318.048065	 141.280380	 383.019073	 338.177643	 128.161346
418.035370	 304.173157	 124.849281	 402.005646	 380.720032	 116.066277	 380.243988	 358.895355	 134.843918	 382.201813	 318.721497	 136.073639	 382.715668	 338.806458	 122.902283
417.745209	 304.788422	 120.388847	 401.867249	 381.319946	 111.125656	 379.933441	 359.605164	 129.816742	 381.815735	 319.430969	 131.214264	 382.460388	 339.463074	 117.979942
417.476318	 305.423126	 116.154625	 401.754517	 381.939301	 106.503166	 379.674713	 360.321686	 125.115913	 381.496490	 320.152222	 126.684998	 382.256714	 340.131958	 113.368965
417.258759	 306.070496	 112.198814	 401.686859	 382.562805	 102.222107	 379.497131	 361.042664	 120.777237	 381.253632	 320.876343	 122.503944	 382.102539	 340.809448	 109.118683
417.078003	 306.699493	 108.487076	 401.671783	 383.192657	 98.272530	 379.397369	 361.759308	 116.845001	 381.083618	 321.600494	 118.676361	 381.987427	 341.488556	 105.248459
416.934113	 307.293976	 104.983643	 401.704803	 383.805969	 94.663902	 379.380951	 362.445313	 113.291481	 380.982208	 322.288635	 115.189056	 381.922333	 342.154236	 101.729698
416.833984	 307.835205	 101.664856	 401.779266	 384.382568	 91.378090	 379.437592	 363.072815	 110.090179	 380.946167	 322.910187	 111.996750	 381.898315	 342.774872	 98.517159
416.754822	 308.317535	 98.546417	 401.877350	 384.920074	 88.394066	 379.533203	 363.632751	 107.204872	 380.947632	 323.465302	 109.050438	 381.900635	 343.342133	 95.589897
416.683472	 308.753510	 95.612076	 402.003662	 385.417236	 85.685417	 379.656616	 364.138245	 104.578575	 380.969330	 323.961334	 106.328781	 381.919067	 343.869934	 92.916672
416.614136	 309.149597	 92.887482	 402.147247	 385.886139	 83.227257	 379.797424	 364.605927	 102.184669	 381.006134	 324.422577	 103.786392	 381.949554	 344.369263	 90.446487
416.553650	 309.518036	 90.372192	 402.282593	 386.326447	 81.021317	 379.936523	 365.035950	 100.004417	 381.041504	 324.842987	 101.447128	 381.986298	 344.836334	 88.187912
416.513641	 309.859344	 88.076523	 402.411224	 386.733398	 79.054497	 380.060547	 365.412689	 98.051445	 381.076752	 325.213257	 99.322571	 382.030273	 345.262573	 86.132225
416.492310	 310.181488	 85.998917	 402.544006	 387.126251	 77.312607	 380.184082	 365.766846	 96.305969	 381.119568	 325.563019	 97.399445	 382.083801	 345.665100	 84.285332
416.478790	 310.514740	 84.158836	 402.698181	 387.520905	 75.770752	 380.324432	 366.138123	 94.738358	 381.170227	 325.926941	 95.685768	 382.151428	 346.075989	 82.648186
416.477570	 310.863953	 82.559761	 402.880859	 387.927643	 74.401146	 380.483795	 366.540741	 93.352768	 381.230103	 326.324982	 94.177376	 382.246796	 346.515320	 81.185677
416.492615	 311.235321	 81.183296	 403.082672	 388.351990	 73.182922	 380.656860	 366.983185	 92.130264	 381.302551	 326.762543	 92.858673	 382.357971	 346.980347	 79.909248
416.521088	 311.617798	 80.009361	 403.293488	 388.772522	 72.111626	 380.840271	 367.435822	 91.059158	 381.386383	 327.216156	 91.731499	 382.478333	 347.446899	 78.812202
416.568878	 311.987671	 79.021843	 403.498688	 389.172913	 71.187263	 381.035217	 367.877594	 90.134163	 381.476501	 327.655853	 90.799530	 382.605682	 347.890045	 77.885986
416.627747	 312.326080	 78.189987	 403.693115	 389.538330	 70.401283	 381.228607	 368.288208	 89.353928	 381.587311	 328.061310	 90.018127	 382.729675	 348.295135	 77.121201
416.706635	 312.610229	 77.472054	 403.856689	 389.843140	 69.738617	 381.402924	 368.619843	 88.715935	 381.712738	 328.391968	 89.355133	 382.858185	 348.631409	 76.472923
416.795166	 312.826874	 76.849503	 403.982208	 390.075867	 69.188820	 381.553497	 368.855438	 88.197273	 381.835815	 328.627533	 88.804817	 382.976501	 348.874115	 75.929108
416.877960	 312.977325	 76.292053	 404.080933	 390.244995	 68.716438	 381.686646	 369.014160	 87.774811	 381.956329	 328.788666	 88.340805	 383.073151	 349.044342	 75.475533
416.957001	 313.078979	 75.777733	 404.157074	 390.362488	 68.299309	 381.812225	 369.120575	 87.403610	 382.068451	 328.894928	 87.939919	 383.157379	 349.163483	 75.081078
417.027832	 313.142303	 75.316231	 404.211700	 390.439331	 67.934929	 381.921448	 369.184357	 87.079735	 382.172272	 328.954010	 87.603928	 383.225861	 349.231903	 74.752739
417.097198	 313.168365	 74.916809	 404.253998	 390.476105	 67.618706	 382.023499	 369.202271	 86.825981	 382.281494	 328.970642	 87.321449	 383.286377	 349.257263	 74.488647
417.180817	 313.148102	 74.564056	 404.293854	 390.463867	 67.356483	 382.131989	 369.168457	 86.630432	 382.400757	 328.936096	 87.090469	 383.360809	 349.232758	 74.261650
417.279205	 313.078583	 74.251038	 404.329102	 390.400238	 67.147263	 382.241669	 369.073883	 86.485382	 382.535980	 328.844482	 86.900360	 383.445129	 349.151733	 74.078278
417.415863	 313.018524	 74.054100	 404.390076	 390.344940	 66.970634	 382.394226	 369.010071	 86.404068	 382.722290	 328.780823	 86.830505	 383.557983	 349.079193	 74.007202
417.589905	 312.957855	 73.983330	 404.479065	 390.266968	 66.828972	 382.586151	 368.962219	 86.398979	 382.929382	 328.735260	 86.904266	 383.698486	 349.013123	 74.042641
417.754547	 312.830261	 73.886612	 404.555511	 390.137939	 66.694397	 382.756500	 368.841064	 86.389870	 383.131195	 328.610504	 86.953247	 383.832245	 348.872101	 74.054268
417.908569	 312.669739	 73.747536	 404.651520	 389.969635	 66.555267	 382.936523	 368.677856	 86.339584	 383.334320	 328.447449	 86.931107	 383.972717	 348.699951	 74.021988
418.060120	 312.469635	 73.595993	 404.793396	 389.788483	 66.431747	 383.148743	 368.507721	 86.311249	 383.535431	 328.281555	 86.909554	 384.136993	 348.531342	 73.984444
418.226624	 312.260681	 73.477234	 404.965515	 389.598907	 66.344421	 383.390686	 368.335144	 86.311684	 383.756653	 328.105560	 86.931854	 384.321472	 348.351105	 73.988632
418.414948	 312.017212	 73.388580	 405.151672	 389.373474	 66.283539	 383.652130	 368.126831	 86.337524	 383.999237	 327.897583	 86.971596	 384.517822	 348.135895	 74.028290
418.613678	 311.740753	 73.297798	 405.328888	 389.113953	 66.247536	 383.904602	 367.875336	 86.369713	 384.245514	 327.645477	 87.007111	 384.717316	 347.882660	 74.065552
418.810120	 311.440460	 73.206924	 405.486664	 388.827545	 66.229546	 384.135406	 367.589600	 86.415909	 384.481415	 327.358826	 87.043938	 384.911804	 347.599243	 74.099648
418.997528	 311.112396	 73.123932	 405.612823	 388.514191	 66.213959	 384.349213	 367.268829	 86.452530	 384.704468	 327.040222	 87.079872	 385.086761	 347.280548	 74.133591
419.172058	 310.778046	 73.025169	 405.713409	 388.194702	 66.169991	 384.536346	 366.942413	 86.470100	 384.913208	 326.710510	 87.107277	 385.246857	 346.951294	 74.145531
419.317230	 310.455383	 72.909286	 405.800659	 387.884827	 66.075752	 384.700317	 366.639557	 86.461609	 385.096130	 326.411011	 87.114670	 385.382324	 346.645111	 74.132278
419.428467	 310.159576	 72.762619	 405.875824	 387.609619	 65.900444	 384.845306	 366.389740	 86.377258	 385.242645	 326.162170	 87.080719	 385.487732	 346.377319	 74.075439
419.508850	 309.913361	 72.591614	 405.922333	 387.383911	 65.634361	 384.956512	 366.207550	 86.203812	 385.351135	 325.977814	 87.007477	 385.558502	 346.165802	 73.950943
419.557495	 309.724396	 72.399750	 405.933685	 387.207275	 65.290665	 385.027313	 366.084991	 85.967445	 385.423950	 325.856445	 86.899338	 385.596252	 346.003784	 73.777962
419.587158	 309.560944	 72.206856	 405.924835	 387.079285	 64.903557	 385.078430	 366.006073	 85.723259	 385.478180	 325.777283	 86.764542	 385.613861	 345.886597	 73.596199
419.650909	 309.406372	 72.073692	 405.975067	 386.969330	 64.764580	 385.194946	 365.913239	 85.693726	 385.576385	 325.689148	 86.747063	 385.674377	 345.789490	 73.562225
419.741943	 309.307312	 72.017975	 406.088409	 386.932251	 64.752533	 385.348755	 365.845795	 85.775513	 385.720795	 325.624207	 86.810287	 385.781067	 345.731079	 73.639832
419.808228	 309.233765	 71.923500	 406.224396	 386.930389	 64.689346	 385.505737	 365.849213	 85.781456	 385.832489	 325.627747	 86.822395	 385.875122	 345.731110	 73.644554
419.887573	 309.090393	 71.835091	 406.350128	 386.906769	 64.658371	 385.652405	 365.854095	 85.801422	 385.911255	 325.630859	 86.847527	 385.958862	 345.733795	 73.663773
419.980347	 308.943604	 71.756615	 406.456970	 386.888306	 64.619232	 385.770233	 365.846619	 85.817352	 385.989075	 325.620178	 86.868340	 386.032562	 345.721802	 73.679070
420.087708	 308.777557	 71.671089	 406.535950	 386.878723	 64.574196	 385.867645	 365.842163	 85.823654	 386.050415	 325.614777	 86.883247	 386.087189	 345.714783	 73.687813
420.237610	 308.577209	 71.633743	 406.587067	 386.868225	 64.528549	 385.936951	 365.830505	 85.833000	 386.089355	 325.601837	 86.900383	 386.124664	 345.703613	 73.695251
420.471100	 308.323334	 71.754028	 406.621613	 386.863922	 64.459526	 385.982910	 365.815125	 85.839211	 386.123108	 325.584167	 86.907173	 386.146545	 345.682159	 73.707939
420.748718	 308.016785	 71.905617	 406.639740	 386.872101	 64.385185	 386.013672	 365.802826	 85.838814	 386.143799	 325.571075	 86.916801	 386.159546	 345.671356	 73.712059
421.031036	 307.650421	 71.856689	 406.639587	 386.893158	 64.311577	 386.018616	 365.793304	 85.842033	 386.141144	 325.562836	 86.923676	 386.155853	 345.663452	 73.709923
421.381165	 307.190430	 71.770866	 406.638275	 386.934082	 64.213730	 386.007751	 365.791107	 85.847015	 386.132538	 325.562347	 86.919151	 386.139954	 345.660126	 73.714790
421.824921	 306.657990	 71.675896	 406.657440	 386.986053	 64.098740	 386.015930	 365.793701	 85.841240	 386.131073	 325.563354	 86.919510	 386.139069	 345.663971	 73.708984
422.376221	 306.054230	 71.555405	 406.703033	 387.039246	 63.988743	 386.047852	 365.791748	 85.849724	 386.145569	 325.560669	 86.928864	 386.156158	 345.660919	 73.715851
423.022339	 305.451294	 71.378975	 406.752930	 387.093109	 63.890537	 386.089294	 365.791168	 85.860207	 386.166504	 325.560028	 86.938293	 386.178192	 345.660645	 73.724998
423.704620	 304.869659	 70.910461	 406.769501	 387.144440	 63.808331	 386.108917	 365.788940	 85.863716	 386.170074	 325.558014	 86.942268	 386.184479	 345.659485	 73.732491
424.484406	 304.237091	 70.182770	 406.753815	 387.201660	 63.745438	 386.110718	 365.783722	 85.872688	 386.163727	 325.553619	 86.945419	 386.177765	 345.651886	 73.742393
425.474487	 303.506805	 69.492760	 406.733978	 387.269989	 63.681328	 386.148834	 365.781799	 85.876945	 386.191498	 325.549896	 86.954643	 386.204224	 345.647003	 73.755127
426.677521	 302.532196	 68.779816	 406.712402	 387.385742	 63.628281	 386.218597	 365.779938	 85.884583	 386.258331	 325.548645	 86.966774	 386.264557	 345.647278	 73.763802
428.115143	 301.254211	 68.110245	 406.691528	 387.706604	 63.638062	 386.258636	 365.782043	 85.892311	 386.299927	 325.552460	 86.970688	 386.300110	 345.649048	 73.765495
429.740631	 299.898315	 67.539536	 406.919128	 388.664368	 63.604607	 386.277344	 365.784515	 85.897675	 386.316071	 325.555115	 86.976204	 386.314636	 345.652313	 73.769188
431.465454	 298.796173	 67.008217	 407.639099	 390.404724	 63.144634	 386.306793	 365.784485	 85.898651	 386.345825	 325.554413	 86.981956	 386.336548	 345.651672	 73.780685
433.236694	 298.051605	 66.454140	 408.499237	 392.110321	 62.716118	 386.341461	 365.787323	 85.902855	 386.382935	 325.558350	 86.984734	 386.370911	 345.654083	 73.783295
435.023773	 297.628876	 65.907303	 409.339264	 393.466675	 62.644947	 386.364685	 365.788513	 85.910507	 386.405457	 325.561066	 86.994286	 386.393768	 345.655273	 73.793007
436.821289	 297.401703	 65.386177	 410.458923	 394.888367	 62.672340	 386.375031	 365.789063	 85.911667	 386.415039	 325.561401	 86.994629	 386.398834	 345.656525	 73.798218
438.659149	 297.237915	 64.850281	 411.962677	 396.449646	 62.695995	 386.382782	 365.790894	 85.909943	 386.424774	 325.563629	 86.992844	 386.408539	 345.660034	 73.791031
440.574219	 297.116638	 64.327110	 413.664368	 397.869324	 62.703842	 386.385651	 365.790955	 85.914551	 386.429871	 325.563599	 86.994240	 386.412567	 345.659821	 73.799629
442.603729	 297.067871	 63.834167	 415.396667	 398.959076	 62.649132	 386.390015	 365.792236	 85.913788	 386.431732	 325.562378	 86.995934	 386.415131	 345.658081	 73.801353
444.792603	 297.084595	 63.355453	 417.162720	 399.756958	 62.503761	 386.392303	 365.794067	 85.912590	 386.432037	 325.563721	 86.997955	 386.420746	 345.660248	 73.793121
447.175018	 297.190338	 62.986038	 419.008362	 400.342590	 62.347351	 386.393127	 365.791931	 85.911613	 386.433197	 325.562103	 86.996437	 386.419678	 345.657410	 73.798683
449.728394	 297.469666	 62.854347	 420.941193	 400.752472	 62.249969	 386.394073	 365.790802	 85.909035	 386.433746	 325.562164	 86.995903	 386.415436	 345.655396	 73.805046
452.402344	 297.918610	 62.887302	 422.972473	 401.029755	 62.243446	 386.391327	 365.790924	 85.913406	 386.432861	 325.564117	 86.997055	 386.414246	 345.658691	 73.797379
455.223022	 298.447479	 62.926796	 425.102295	 401.193237	 62.317688	 386.390686	 365.789368	 85.913948	 386.434204	 325.562286	 86.994553	 386.414978	 345.656677	 73.796082
458.245789	 298.992401	 62.978542	 427.288757	 401.191742	 62.424885	 386.393188	 365.792084	 85.907303	 386.433777	 325.563812	 86.996727	 386.418945	 345.657654	 73.797096
461.512726	 299.543427	 63.177158	 429.532104	 401.007965	 62.548553	 386.398041	 365.791412	 85.905907	 386.436615	 325.564728	 86.999878	 386.421844	 345.659576	 73.796661
465.038971	 300.064880	 63.527435	 431.880798	 400.678436	 62.652550	 386.401825	 365.790741	 85.907181	 386.442047	 325.563446	 86.997711	 386.423218	 345.657043	 73.799072
468.814148	 300.558655	 63.995441	 434.378021	 400.236786	 62.728058	 386.403656	 365.793976	 85.908119	 386.444122	 325.565338	 86.992767	 386.427917	 345.660065	 73.792427
472.805481	 301.043396	 64.497086	 437.050110	 399.686310	 62.766891	 386.405304	 365.792633	 85.911728	 386.445282	 325.564056	 86.994492	 386.430145	 345.659821	 73.791573
476.995819	 301.539581	 64.979401	 439.875763	 398.974396	 62.739323	 386.406982	 365.791565	 85.907982	 386.448456	 325.562805	 86.994057	 386.434021	 345.658234	 73.789299
481.399353	 302.071045	 65.504341	 442.840729	 398.041382	 62.715012	 386.412292	 365.793732	 85.900864	 386.450409	 325.565399	 86.990440	 386.435211	 345.661987	 73.788651
486.049530	 302.604553	 66.088554	 446.003662	 396.924133	 62.810482	 386.417450	 365.792358	 85.896751	 386.454559	 325.564697	 86.987633	 386.436310	 345.660248	 73.795204
490.971375	 303.101746	 66.648888	 449.409058	 395.641357	 63.041626	 386.416504	 365.794464	 85.900276	 386.455872	 325.565826	 86.988075	 386.436218	 345.659302	 73.798721
496.198364	 303.554993	 67.124367	 453.079132	 394.114716	 63.330849	 386.415375	 365.796295	 85.903511	 386.454834	 325.566406	 86.988640	 386.435822	 345.662292	 73.793526
501.758850	 303.948059	 67.497444	 457.007629	 392.260345	 63.628975	 386.413422	 365.793640	 85.905060	 386.454132	 325.563690	 86.990799	 386.436646	 345.661163	 73.794769
507.674255	 304.242645	 67.723618	 461.235291	 390.107971	 63.901009	 386.410065	 365.795197	 85.908546	 386.450165	 325.566254	 86.995033	 386.433319	 345.662750	 73.797638
513.971436	 304.393372	 67.779091	 465.815948	 387.720947	 64.113510	 386.412140	 365.794617	 85.908699	 386.451813	 325.565460	 86.990532	 386.432800	 345.662628	 73.795906
520.643250	 304.429199	 67.671425	 470.773560	 385.162567	 64.224808	 386.414032	 365.793854	 85.911102	 386.453735	 325.563690	 86.989494	 386.435455	 345.661133	 73.793739
527.635925	 304.426514	 67.494476	 476.123108	 382.511902	 64.272652	 386.412842	 365.794678	 85.912827	 386.453064	 325.566986	 86.991341	 386.433624	 345.662079	 73.799431
534.935486	 304.396667	 67.296936	 481.864319	 379.793671	 64.306061	 386.414063	 365.792633	 85.908997	 386.454529	 325.565765	 86.991737	 386.436340	 345.660034	 73.797997
542.548401	 304.344635	 67.033974	 487.950226	 376.943848	 64.366150	 386.414490	 365.795197	 85.908638	 386.457214	 325.566681	 86.990997	 386.439331	 345.661346	 73.791176
550.486023	 304.282898	 66.661507	 494.359100	 373.861969	 64.389229	 386.416534	 365.796936	 85.906448	 386.458038	 325.567627	 86.993645	 386.441833	 345.664520	 73.791016
558.759644	 304.207214	 66.168556	 501.098267	 370.496887	 64.253548	 386.422241	 365.794739	 85.901825	 386.461029	 325.565277	 86.993507	 386.444153	 345.661499	 73.794556
567.332581	 304.147217	 65.561531	 508.186981	 366.839203	 63.854576	 386.420288	 365.796600	 85.908302	 386.460754	 325.567841	 86.993622	 386.442322	 345.662720	 73.794922
576.154236	 304.199585	 64.840874	 515.663879	 362.949219	 63.146751	 386.420654	 365.795593	 85.907326	 386.460114	 325.568054	 86.989723	 386.441254	 345.662231	 73.794662
585.090759	 304.429474	 64.093132	 523.547363	 359.092072	 62.123306	 386.421753	 365.793854	 85.904449	 386.460388	 325.564667	 86.987701	 386.442566	 345.659424	 73.791573
593.992615	 304.868774	 63.407070	 531.808899	 355.644897	 60.780304	 386.418457	 365.794586	 85.906082	 386.457855	 325.565643	 86.992889	 386.440338	 345.661041	 73.791565
602.761841	 305.550323	 62.760506	 540.363037	 352.919952	 59.128613	 386.419556	 365.792908	 85.904259	 386.459686	 325.564087	 86.988358	 386.439606	 345.660889	 73.793953
611.338989	 306.498077	 62.054134	 549.069397	 351.032959	 57.309990	 386.421722	 365.793396	 85.903053	 386.460968	 325.564056	 86.983543	 386.441559	 345.659973	 73.791313
619.708191	 307.726685	 61.162273	 557.779358	 349.738403	 55.582218	 386.419678	 365.794312	 85.906021	 386.457306	 325.565979	 86.991821	 386.441162	 345.661163	 73.790955
627.880493	 309.218536	 60.019958	 566.419067	 348.654724	 54.140064	 386.418152	 365.792755	 85.908272	 386.457153	 325.562958	 86.993217	 386.441528	 345.660767	 73.791763
635.885986	 310.922668	 58.608879	 574.987000	 347.656403	 52.933552	 386.417358	 365.794922	 85.909698	 386.458710	 325.563599	 86.987450	 386.440918	 345.661682	 73.791199
643.731201	 312.817474	 56.946880	 583.476990	 346.815399	 51.805527	 386.417999	 365.796082	 85.909805	 386.458374	 325.565460	 86.989273	 386.439911	 345.662689	 73.795387
651.357971	 314.917511	 55.142868	 591.882507	 346.256592	 50.536175	 386.420624	 365.794952	 85.906860	 386.458679	 325.564392	 86.993690	 386.441803	 345.660156	 73.797333
658.635925	 317.212982	 53.341793	 600.173584	 346.125854	 48.946472	 386.418762	 365.796143	 85.914314	 386.460815	 325.565918	 86.995834	 386.443115	 345.662720	 73.796745
665.428284	 319.689819	 51.673599	 608.246155	 346.581482	 47.038960	 386.420715	 365.795074	 85.916687	 386.464111	 325.565430	 86.993988	 386.444366	 345.662659	 73.801224
671.665222	 322.366455	 50.084015	 615.976746	 347.758636	 44.851295	 386.425323	 365.794586	 85.912590	 386.464691	 325.562347	 86.995163	 386.447632	 345.658173	 73.802307
677.345459	 325.296387	 48.401173	 623.270325	 349.606842	 42.509647	 386.425293	 365.795441	 85.914635	 386.465607	 325.563507	 86.999855	 386.447693	 345.658722	 73.805939
682.574951	 328.450653	 46.465256	 630.103271	 351.890961	 40.170456	 386.427032	 365.793213	 85.919014	 386.468262	 325.564087	 87.003746	 386.447205	 345.657837	 73.809731
687.453918	 331.719452	 44.268826	 636.514648	 354.372742	 37.880814	 386.434296	 365.794891	 85.917938	 386.475403	 325.565552	 87.000931	 386.451843	 345.659027	 73.810539
692.066528	 335.032867	 41.863400	 642.542297	 356.945679	 35.585716	 386.441223	 365.796570	 85.913933	 386.479828	 325.568146	 87.001579	 386.458954	 345.662537	 73.807182
696.464966	 338.345856	 39.300011	 648.231323	 359.579010	 33.196762	 386.444855	 365.795319	 85.913757	 386.483429	 325.568054	 87.002502	 386.464996	 345.662384	 73.803101
700.648132	 341.652008	 36.631115	 653.678406	 362.244934	 30.613398	 386.448547	 365.799072	 85.914154	 386.487946	 325.570129	 87.004349	 386.469299	 345.664032	 73.804802
704.576111	 344.948334	 34.001961	 658.959656	 364.895355	 27.834490	 386.450958	 365.799652	 85.914200	 386.491608	 325.570770	 87.006432	 386.471893	 345.665680	 73.804901
708.247498	 348.198578	 31.566221	 664.042542	 367.539551	 24.969614	 386.452911	 365.798462	 85.915688	 386.493286	 325.569336	 87.006371	 386.474945	 345.665863	 73.804016
711.714233	 351.362701	 29.404909	 668.852417	 370.199188	 22.195990	 386.453369	 365.801819	 85.916954	 386.493439	 325.572540	 87.003342	 386.475311	 345.668091	 73.804565
715.006897	 354.424683	 27.466106	 673.366882	 372.830353	 19.636612	 386.453156	 365.802002	 85.918198	 386.493408	 325.572632	 87.002563	 386.477264	 345.669647	 73.803947
718.111755	 357.426056	 25.652842	 677.586060	 375.415131	 17.340277	 386.450623	 365.804901	 85.916306	 386.489624	 325.573151	 87.006378	 386.475861	 345.670441	 73.803993
721.017944	 360.416779	 23.873840	 681.539551	 377.957336	 15.272508	 386.446289	 365.808594	 85.909348	 386.484100	 325.576538	 87.001465	 386.468994	 345.672882	 73.799683
723.724548	 363.377686	 22.096079	 685.240967	 380.468201	 13.404488	 386.440674	 365.805542	 85.905998	 386.477631	 325.573456	 86.997108	 386.461700	 345.670197	 73.797989
726.241821	 366.280182	 20.338736	 688.718994	 382.956543	 11.683305	 386.430695	 365.805145	 85.915833	 386.471924	 325.573517	 87.000824	 386.453705	 345.668610	 73.800987
728.576355	 369.080536	 18.663628	 692.038513	 385.393829	 10.013606	 386.427948	 365.805969	 85.918404	 386.466614	 325.573578	 87.005920	 386.449677	 345.671051	 73.801300
730.761963	 371.749207	 17.067125	 695.205017	 387.734863	 8.421771	 386.425842	 365.803772	 85.917702	 386.464752	 325.572266	 87.006096	 386.451813	 345.669250	 73.797554
732.802612	 374.278717	 15.562350	 698.172852	 389.972870	 6.983464	 386.421753	 365.806488	 85.920280	 386.461578	 325.575745	 87.006195	 386.447357	 345.671051	 73.800156
734.711426	 376.660553	 14.163206	 700.924316	 392.119354	 5.730687	 386.422699	 365.804749	 85.913849	 386.459351	 325.574921	 87.006958	 386.439423	 345.670959	 73.813492
736.489807	 378.907043	 12.838198	 703.448975	 394.203491	 4.635810	 386.423462	 365.803253	 85.908768	 386.460602	 325.572937	 87.004227	 386.442474	 345.668427	 73.807213
738.144958	 381.035553	 11.551966	 705.772461	 396.205505	 3.662028	 386.423218	 365.805267	 85.915901	 386.463379	 325.575287	 87.000320	 386.446930	 345.671600	 73.801544
739.705994	 383.043182	 10.265988	 707.994385	 398.066772	 2.717375	 386.428131	 365.803497	 85.920609	 386.470886	 325.577057	 86.999168	 386.454407	 345.672516	 73.805176
741.175964	 384.927185	 8.997548	 710.168579	 399.770630	 1.723968	 386.434448	 365.807281	 85.914948	 386.478271	 325.579681	 86.995018	 386.460846	 345.674255	 73.801811
742.565369	 386.681458	 7.765000	 712.292175	 401.330017	 0.684580	 386.435333	 365.807800	 85.919319	 386.477051	 325.580109	 86.998878	 386.459015	 345.675049	 73.806335
743.870239	 388.315369	 6.576077	 714.291809	 402.784882	 -0.335547	 386.433472	 365.804749	 85.920670	 386.474030	 325.575775	 87.000702	 386.457611	 345.671783	 73.804230
745.087402	 389.860748	 5.387096	 716.164490	 404.186432	 -1.345618	 386.428192	 365.805176	 85.914536	 386.470703	 325.575195	 86.998688	 386.453674	 345.672028	 73.801895
746.237976	 391.313385	 4.170811	 717.910828	 405.476685	 -2.280386	 386.423706	 365.801208	 85.915703	 386.465637	 325.574188	 87.003838	 386.449982	 345.670441	 73.800209
747.343506	 392.638306	 2.987946	 719.575195	 406.599518	 -3.156325	 386.420837	 365.800659	 85.920959	 386.463135	 325.571136	 87.004829	 386.447052	 345.664856	 73.804245
748.397827	 393.821533	 1.889882	 721.182617	 407.550934	 -4.003285	 386.418182	 365.803314	 85.922638	 386.461304	 325.572540	 87.004730	 386.442535	 345.666748	 73.809547
749.392151	 394.899414	 0.873622	 722.719604	 408.365570	 -4.818799	 386.418640	 365.801605	 85.922386	 386.458740	 325.573242	 87.005020	 386.439758	 345.667755	 73.807388
750.294556	 395.922974	 -0.080225	 724.163025	 409.112427	 -5.613205	 386.415375	 365.802704	 85.922951	 386.456207	 325.573975	 87.005836	 386.438568	 345.668274	 73.807922
751.107605	 396.889526	 -0.979392	 725.526306	 409.821136	 -6.405165	 386.415680	 365.804901	 85.919945	 386.456329	 325.576233	 87.010933	 386.440643	 345.669952	 73.808853
751.881592	 397.701996	 -1.562229	 726.465210	 410.263702	 -6.462531	 386.422638	 365.803467	 85.918671	 386.460022	 325.573914	 87.011971	 386.444519	 345.669708	 73.809845
752.621826	 398.312744	 -1.672571	 727.064392	 410.738068	 -6.088743	 386.427856	 365.805389	 85.921677	 386.468201	 325.575134	 87.008522	 386.449097	 345.670319	 73.812820
753.308044	 398.828674	 -1.708037	 727.724121	 411.335388	 -5.826462	 386.435974	 365.806061	 85.926277	 386.480988	 325.578278	 87.001656	 386.457916	 345.670868	 73.811516
753.894958	 399.374542	 -1.736425	 728.383789	 411.860046	 -5.556553	 386.444397	 365.804260	 85.926620	 386.486084	 325.576599	 87.007706	 386.467316	 345.670502	 73.812706
754.403015	 399.889496	 -1.757976	 728.956970	 412.310638	 -5.292049	 386.448364	 365.805328	 85.924774	 386.485870	 325.576263	 87.016151	 386.470428	 345.670776	 73.812202
754.884583	 400.284271	 -1.793169	 729.473145	 412.688660	 -5.060988	 386.448547	 365.803314	 85.924347	 386.489807	 325.576233	 87.009689	 386.468658	 345.670349	 73.819756
755.296021	 400.597412	 -1.803306	 729.934326	 413.013672	 -4.853461	 386.447845	 365.803040	 85.923042	 386.489838	 325.575256	 87.009331	 386.470215	 345.670013	 73.813591
755.634521	 400.877472	 -1.806295	 730.333801	 413.264465	 -4.663772	 386.444550	 365.805023	 85.921211	 386.484192	 325.575897	 87.011665	 386.466431	 345.671631	 73.808983
755.899536	 401.114655	 -1.794598	 730.670837	 413.426331	 -4.490227	 386.439758	 365.803894	 85.921837	 386.478821	 325.575562	 87.013565	 386.460205	 345.670776	 73.817833
756.071106	 401.317474	 -1.754205	 730.958435	 413.531372	 -4.335671	 386.430969	 365.803986	 85.927277	 386.473083	 325.575409	 87.012901	 386.455200	 345.670288	 73.812752
756.142944	 401.503937	 -1.721797	 731.179504	 413.589142	 -4.215883	 386.423584	 365.804871	 85.926704	 386.468842	 325.576660	 87.008644	 386.447601	 345.671967	 73.810936
756.122803	 401.657166	 -1.717727	 731.323730	 413.617462	 -4.137156	 386.421844	 365.804138	 85.920898	 386.461731	 325.575439	 87.009087	 386.440674	 345.671722	 73.812553
756.009277	 401.773346	 -1.720376	 731.409790	 413.644775	 -4.079000	 386.417389	 365.804443	 85.923195	 386.455444	 325.576874	 87.008987	 386.436523	 345.671509	 73.814461
755.813782	 401.889343	 -1.725440	 731.458008	 413.666901	 -4.050916	 386.417633	 365.805511	 85.924080	 386.456970	 325.578949	 87.011276	 386.438812	 345.672119	 73.811729
755.555237	 402.031342	 -1.760170	 731.458740	 413.688141	 -4.071079	 386.421570	 365.805939	 85.920815	 386.461090	 325.577850	 87.013771	 386.445557	 345.671478	 73.804024
755.230408	 402.146362	 -1.806922	 731.411438	 413.707703	 -4.127633	 386.424896	 365.807404	 85.922607	 386.463440	 325.579926	 87.015900	 386.451782	 345.674011	 73.803757
754.851013	 402.197784	 -1.830224	 731.326233	 413.716156	 -4.203841	 386.430359	 365.805908	 85.925591	 386.472687	 325.580200	 87.011665	 386.454498	 345.672180	 73.810532
754.442993	 402.207520	 -1.864010	 731.208374	 413.732574	 -4.303936	 386.439148	 365.805847	 85.922157	 386.482910	 325.577576	 87.006721	 386.458801	 345.671448	 73.811264
753.994202	 402.188477	 -1.879427	 731.053955	 413.763947	 -4.425104	 386.444885	 365.807739	 85.922058	 386.486084	 325.580414	 87.009392	 386.465149	 345.674774	 73.808090
753.511658	 402.149994	 -1.879141	 730.856201	 413.813232	 -4.567762	 386.450806	 365.806274	 85.919754	 386.488495	 325.579987	 87.014259	 386.472443	 345.675415	 73.806236
753.010071	 402.069519	 -1.907606	 730.675476	 413.873962	 -4.706069	 386.450714	 365.807617	 85.917488	 386.486481	 325.578705	 87.019997	 386.474457	 345.675476	 73.808411
752.492554	 401.983307	 -1.932401	 730.463562	 413.965881	 -4.850060	 386.446045	 365.807343	 85.920036	 386.485840	 325.579956	 87.012428	 386.467834	 345.673309	 73.814278
751.958679	 401.958008	 -1.924266	 730.142029	 414.077881	 -4.944590	 386.440186	 365.803741	 85.921730	 386.482635	 325.577667	 87.007233	 386.463135	 345.670990	 73.804680
751.403015	 401.921783	 -1.933103	 729.791687	 414.184296	 -4.995380	 386.428436	 365.805267	 85.927910	 386.470734	 325.578278	 87.009819	 386.453857	 345.672882	 73.805954
750.870361	 401.858368	 -1.960431	 729.464355	 414.267334	 -5.042028	 386.420197	 365.804138	 85.926056	 386.461761	 325.577728	 87.013695	 386.441956	 345.670288	 73.812523
750.372986	 401.764832	 -2.010667	 729.158630	 414.333099	 -5.073586	 386.414185	 365.803314	 85.922646	 386.457733	 325.575073	 87.012695	 386.438538	 345.669464	 73.808426
749.906860	 401.661316	 -2.046910	 728.888184	 414.399750	 -5.097744	 386.405121	 365.805420	 85.927849	 386.452057	 325.575775	 87.006447	 386.431000	 345.671234	 73.807526
749.481995	 401.555847	 -2.082176	 728.649597	 414.455933	 -5.130008	 386.403229	 365.802094	 85.920860	 386.446320	 325.573242	 87.003929	 386.427826	 345.670868	 73.804550
749.092957	 401.426819	 -2.140179	 728.467102	 414.505127	 -5.165194	 386.403839	 365.802673	 85.914406	 386.443665	 325.573334	 87.002975	 386.423584	 345.669495	 73.805466
748.750977	 401.282135	 -2.219136	 728.342773	 414.543640	 -5.170242	 386.402527	 365.804657	 85.920464	 386.443695	 325.575684	 87.007790	 386.422058	 345.668549	 73.808998
748.452271	 401.122131	 -2.309292	 728.277161	 414.570160	 -5.181395	 386.406860	 365.802216	 85.922646	 386.448151	 325.574310	 87.010139	 386.429260	 345.666931	 73.811981
748.198975	 400.967987	 -2.417826	 728.255249	 414.582825	 -5.190846	 386.411285	 365.804321	 85.921593	 386.453918	 325.574493	 87.005699	 386.435913	 345.668884	 73.804771
747.984924	 400.833710	 -2.525104	 728.258423	 414.579102	 -5.193413	 386.414459	 365.802307	 85.921288	 386.457977	 325.575256	 87.005630	 386.437866	 345.669739	 73.808357
747.795532	 400.709717	 -2.622010	 728.262695	 414.565735	 -5.190532	 386.414948	 365.799561	 85.923225	 386.459137	 325.573608	 87.005310	 386.437134	 345.666260	 73.815643
747.614258	 400.605499	 -2.699523	 728.261841	 414.552338	 -5.184328	 386.411621	 365.802124	 85.925568	 386.455841	 325.574371	 87.005905	 386.434143	 345.668335	 73.813004
747.446289	 400.523376	 -2.762910	 728.261047	 414.541809	 -5.180691	 386.409302	 365.799927	 85.922768	 386.450684	 325.571838	 87.007973	 386.428467	 345.666992	 73.813156
747.297791	 400.450073	 -2.836641	 728.256348	 414.543610	 -5.179921	 386.405365	 365.800415	 85.920601	 386.446259	 325.572357	 87.005196	 386.427094	 345.666595	 73.814011
747.156067	 400.386475	 -2.901983	 728.247559	 414.560944	 -5.176576	 386.399811	 365.801575	 85.922668	 386.440552	 325.574799	 87.008667	 386.421448	 345.668365	 73.814079
747.028442	 400.320526	 -2.960810	 728.239807	 414.596985	 -5.186369	 386.391998	 365.797913	 85.926239	 386.433502	 325.570801	 87.015038	 386.414978	 345.664948	 73.814034
746.923218	 400.260498	 -3.027496	 728.226318	 414.642120	 -5.196788	 386.383514	 365.799164	 85.923538	 386.426208	 325.571075	 87.014122	 386.407959	 345.663910	 73.809441
746.840027	 400.215485	 -3.080583	 728.211060	 414.677429	 -5.203796	 386.380005	 365.799255	 85.919830	 386.420929	 325.569916	 87.016205	 386.403534	 345.664673	 73.807861
746.781799	 400.186829	 -3.116651	 728.193726	 414.697266	 -5.207272	 386.376648	 365.797211	 85.918274	 386.418488	 325.568268	 87.014626	 386.403381	 345.664795	 73.807365
746.750244	 400.185059	 -3.133669	 728.187561	 414.703979	 -5.208161	 386.376953	 365.798065	 85.923080	 386.419708	 325.572296	 87.010780	 386.400604	 345.664307	 73.810875
746.746277	 400.194641	 -3.139747	 728.197754	 414.693817	 -5.214114	 386.372314	 365.798615	 85.919067	 386.412537	 325.572479	 87.008591	 386.392731	 345.664764	 73.808411
746.765747	 400.206268	 -3.150071	 728.211853	 414.678314	 -5.209802	 386.355011	 365.801910	 85.904129	 386.398895	 325.572449	 87.001518	 386.384491	 345.666779	 73.796700
746.792847	 400.223175	 -3.151827	 728.229370	 414.660431	 -5.196729	 386.356812	 365.803467	 85.903908	 386.402863	 325.575256	 86.999840	 386.386566	 345.669525	 73.793045
746.824280	 400.241241	 -3.145401	 728.257385	 414.637817	 -5.188825	 386.361420	 365.803192	 85.900017	 386.404053	 325.575531	 86.999863	 386.388641	 345.669922	 73.787819
746.861267	 400.260864	 -3.135463	 728.286011	 414.616913	 -5.174287	 386.366577	 365.804871	 85.898598	 386.409393	 325.575043	 87.000183	 386.390137	 345.669189	 73.790726
746.901062	 400.282532	 -3.125104	 728.318359	 414.596863	 -5.157784	 386.372375	 365.806824	 85.901314	 386.422729	 325.578278	 86.994942	 386.399963	 345.670502	 73.792488
746.942139	 400.303802	 -3.114375	 728.356262	 414.583893	 -5.136183	 386.368958	 365.819275	 85.894936	 386.420807	 325.590881	 86.985931	 386.399750	 345.682587	 73.781013
746.972656	 400.324524	 -3.098131	 728.400208	 414.593262	 -5.111607	 386.313660	 365.868195	 85.883919	 386.363190	 325.638062	 86.978279	 386.349976	 345.731659	 73.763107
747.000000	 400.349854	 -3.080465	 728.452881	 414.614746	 -5.080661	 386.188568	 365.991943	 85.871582	 386.218140	 325.766754	 86.959373	 386.212891	 345.858032	 73.759087
747.028442	 400.373230	 -3.061943	 728.510742	 414.644653	 -5.043479	 385.993073	 366.225586	 85.868126	 385.978424	 325.999084	 86.958336	 385.999786	 346.088165	 73.761787
747.052917	 400.397400	 -3.034082	 728.572998	 414.682068	 -5.005857	 385.723907	 366.599487	 85.868401	 385.675537	 326.371002	 86.974815	 385.723907	 346.460541	 73.759964
747.080017	 400.420776	 -3.017336	 728.636169	 414.712769	 -4.970736	 385.416016	 367.161224	 85.874649	 385.427490	 326.935608	 86.977448	 385.443146	 347.027069	 73.773849
747.105042	 400.434052	 -3.004483	 728.696472	 414.741394	 -4.950256	 385.135620	 367.923462	 85.893089	 385.337616	 327.696869	 86.987984	 385.258331	 347.793823	 73.783577
747.117493	 400.444214	 -2.993718	 728.736450	 414.764343	 -4.934497	 385.001953	 368.915955	 85.915215	 385.553986	 328.689606	 86.986176	 385.288422	 348.786774	 73.798874
747.123230	 400.453522	 -2.987985	 728.759949	 414.776093	 -4.920638	 384.972046	 370.101563	 85.926689	 386.034027	 329.891327	 86.978455	 385.503510	 349.987427	 73.812836
747.116089	 400.458496	 -2.977310	 728.775269	 414.784912	 -4.913950	 384.893738	 371.494904	 85.879051	 386.595032	 331.304962	 86.935913	 385.764404	 351.391724	 73.761482
747.099060	 400.461731	 -2.974572	 728.785278	 414.786957	 -4.909914	 384.846405	 373.138794	 85.806183	 387.200714	 332.978455	 86.870399	 386.056763	 353.056122	 73.684799
747.075867	 400.457520	 -2.972596	 728.793579	 414.789185	 -4.907802	 384.925293	 375.084412	 85.781082	 387.736572	 334.948273	 86.823402	 386.372986	 355.016907	 73.653412
747.044678	 400.450806	 -2.974692	 728.799622	 414.799774	 -4.913195	 385.134552	 377.389435	 85.765182	 388.056274	 337.263824	 86.798271	 386.654419	 357.336426	 73.630440
747.011841	 400.446503	 -2.981744	 728.801880	 414.802948	 -4.915318	 385.430389	 380.001190	 85.747299	 388.172150	 339.862488	 86.781281	 386.880341	 359.950012	 73.612007
746.976624	 400.439972	 -2.982727	 728.798096	 414.804291	 -4.915469	 385.713684	 382.876801	 85.715263	 388.137909	 342.717957	 86.714630	 387.022797	 362.815460	 73.570053
746.943115	 400.435364	 -2.990697	 728.793579	 414.805359	 -4.916657	 385.983978	 386.028137	 85.606491	 388.037811	 345.850739	 86.643295	 387.126099	 365.945923	 73.479965
746.910950	 400.429321	 -2.993886	 728.786621	 414.799255	 -4.917076	 386.359802	 389.415802	 85.515808	 388.041992	 349.223236	 86.592674	 387.306122	 369.318329	 73.401352
746.877136	 400.422333	 -2.994451	 728.777649	 414.794495	 -4.915602	 386.928864	 393.035828	 85.503517	 388.217621	 352.822327	 86.572968	 387.639343	 372.918884	 73.382599
746.846375	 400.417328	 -3.002751	 728.771667	 414.789276	 -4.916999	 387.589844	 396.859375	 85.557335	 388.468781	 356.633118	 86.610489	 388.037354	 376.743042	 73.427223
746.814819	 400.407959	 -3.008098	 728.761475	 414.784729	 -4.914335	 388.117462	 400.800262	 85.642914	 388.640045	 360.566528	 86.666908	 388.352600	 380.684174	 73.501259
746.784790	 400.402496	 -3.014106	 728.754333	 414.790771	 -4.912475	 388.436157	 404.747070	 85.736420	 388.653625	 364.509186	 86.700363	 388.524719	 384.647522	 73.566216
746.758667	 400.401489	 -3.017467	 728.753662	 414.795288	 -4.912813	 388.703369	 408.604065	 85.884155	 388.684570	 368.364014	 86.739983	 388.686340	 388.541992	 73.665848
746.743042	 400.397278	 -3.022029	 728.752258	 414.799072	 -4.914761	 389.027679	 412.386871	 86.132439	 388.831085	 372.147522	 86.854027	 388.921967	 392.367401	 73.849174
746.731750	 400.396057	 -3.029319	 728.748169	 414.802460	 -4.919273	 389.370667	 416.149750	 86.462387	 389.017090	 375.908875	 87.028313	 389.173248	 396.174805	 74.103500
746.717224	 400.394318	 -3.027638	 728.745605	 414.797607	 -4.924688	 389.730225	 419.950287	 86.814751	 389.182861	 379.708374	 87.236046	 389.415710	 400.020660	 74.390656
746.705322	 400.393036	 -3.025951	 728.734924	 414.793854	 -4.920217	 390.142059	 423.837952	 87.196281	 389.359436	 383.597809	 87.480255	 389.678375	 403.955109	 74.711205
746.695923	 400.395660	 -3.027495	 728.731628	 414.790283	 -4.919837	 390.604797	 427.807648	 87.607094	 389.581848	 387.576508	 87.739403	 389.980499	 407.974976	 75.041901
746.694824	 400.390930	 -3.029719	 728.735229	 414.784149	 -4.922760	 391.093445	 431.787079	 88.017479	 389.836639	 391.564697	 88.031128	 390.303802	 411.999207	 75.395439
746.696960	 400.384918	 -3.035885	 728.731445	 414.778625	 -4.921921	 391.554749	 435.713959	 88.439415	 390.120117	 395.498077	 88.319206	 390.630096	 415.972809	 75.753761
746.694336	 400.381042	 -3.042536	 728.726501	 414.768097	 -4.918959	 392.011505	 439.577667	 88.852417	 390.451599	 399.369476	 88.606468	 390.978912	 419.888458	 76.087013
746.695251	 400.373535	 -3.047861	 728.720276	 414.754944	 -4.917390	 392.539703	 443.424103	 89.207558	 390.859314	 403.217682	 88.901627	 391.385071	 423.766968	 76.414925
746.697327	 400.369629	 -3.049349	 728.713257	 414.744263	 -4.912587	 393.140533	 447.318878	 89.483597	 391.332886	 407.113129	 89.153755	 391.843964	 427.675293	 76.693817
746.702881	 400.371429	 -3.057753	 728.711975	 414.734528	 -4.911614	 393.782379	 451.296814	 89.653839	 391.854614	 411.098572	 89.356628	 392.350067	 431.648132	 76.864166
746.705811	 400.369598	 -3.060983	 728.711487	 414.729797	 -4.909128	 394.459747	 455.346619	 89.687721	 392.430176	 415.152954	 89.486732	 392.891785	 435.668152	 76.945839
746.705627	 400.368408	 -3.062051	 728.708862	 414.724091	 -4.907657	 395.132568	 459.387360	 89.588837	 392.998260	 419.197021	 89.536575	 393.426117	 439.670197	 76.945610
746.707703	 400.363678	 -3.070874	 728.703491	 414.711304	 -4.905435	 395.695801	 463.321716	 89.393478	 393.452911	 423.139038	 89.495155	 393.892273	 443.570557	 76.828033
746.708496	 400.357605	 -3.077686	 728.697388	 414.702881	 -4.911577	 396.092621	 467.106110	 89.114632	 393.756165	 426.928680	 89.346458	 394.226593	 447.319916	 76.618134
746.705200	 400.352356	 -3.078053	 728.688660	 414.689087	 -4.916682	 396.354492	 470.743805	 88.763733	 393.953674	 430.573090	 89.116089	 394.463501	 450.923645	 76.334892
746.706482	 400.344696	 -3.083217	 728.680969	 414.669250	 -4.919322	 396.551788	 474.281677	 88.351044	 394.118225	 434.111786	 88.828094	 394.671600	 454.423340	 75.982895
746.707458	 400.338959	 -3.084282	 728.671509	 414.655151	 -4.924119	 396.748230	 477.744141	 87.898544	 394.302094	 437.577026	 88.516121	 394.879944	 457.842743	 75.605537
746.706787	 400.335754	 -3.092038	 728.655945	 414.638245	 -4.930170	 396.977264	 481.127838	 87.409126	 394.540710	 440.961548	 88.195595	 395.130737	 461.175140	 75.206032
746.702087	 400.326416	 -3.099597	 728.639893	 414.624054	 -4.944863	 397.235413	 484.419830	 86.890427	 394.847961	 444.248596	 87.873116	 395.428009	 464.402740	 74.787537
746.691956	 400.314484	 -3.096316	 728.617920	 414.614410	 -4.957234	 397.467346	 487.522339	 86.403412	 395.144653	 447.346832	 87.541733	 395.704620	 467.441437	 74.372826
746.690491	 400.301758	 -3.104411	 728.594055	 414.602661	 -4.962724	 397.420105	 490.257629	 86.054970	 395.175995	 450.082184	 87.223534	 395.771118	 470.162964	 74.040001
746.687744	 400.289185	 -3.111701	 728.567078	 414.593994	 -4.963490	 397.393494	 492.803741	 85.819023	 395.205048	 452.621613	 86.993782	 395.829254	 472.702332	 73.798332
746.686523	 400.284485	 -3.122911	 728.546082	 414.585693	 -4.973959	 397.575348	 495.325745	 85.691887	 395.397064	 455.148804	 86.927162	 396.052643	 475.206573	 73.706688
746.683105	 400.275909	 -3.135874	 728.533569	 414.577454	 -4.983747	 397.808594	 497.629822	 85.703407	 395.658295	 457.453247	 86.976097	 396.311859	 477.504333	 73.735878
746.675537	 400.260956	 -3.143800	 728.515442	 414.572784	 -4.984581	 398.234253	 499.717316	 85.753204	 396.229523	 459.527863	 87.013794	 396.777008	 479.587128	 73.771416
746.666870	 400.250824	 -3.152251	 728.497314	 414.568237	 -4.990450	 398.647491	 501.732391	 85.825050	 396.786163	 461.538116	 87.087051	 397.234192	 481.598633	 73.849518
746.660461	 400.241394	 -3.159328	 728.482117	 414.562897	 -4.999479	 398.996002	 503.578705	 85.921745	 397.289764	 463.383118	 87.169502	 397.626343	 483.453003	 73.932899
746.648254	 400.233337	 -3.161864	 728.470459	 414.561646	 -5.016399	 399.336151	 505.264832	 86.001099	 397.812775	 465.056854	 87.227623	 398.029938	 485.136139	 73.998032
746.640869	 400.229645	 -3.166632	 728.463806	 414.553986	 -5.019788	 399.588989	 506.832825	 86.050812	 398.195404	 466.623108	 87.287903	 398.324097	 486.708191	 74.053604
746.641235	 400.228424	 -3.176152	 728.457397	 414.543640	 -5.013235	 399.770111	 508.252350	 86.070000	 398.504272	 468.038483	 87.288406	 398.560486	 488.124573	 74.053009
746.635925	 400.230377	 -3.176957	 728.458618	 414.539429	 -5.013483	 399.844208	 509.572479	 86.048225	 398.679413	 469.359070	 87.249084	 398.686340	 489.441925	 74.030266
746.633972	 400.228729	 -3.181451	 728.466309	 414.532166	 -5.015519	 399.790497	 510.783386	 85.966362	 398.693176	 470.567902	 87.177338	 398.679138	 490.651855	 73.956589
746.635986	 400.223724	 -3.189689	 728.471497	 414.526672	 -5.015100	 399.581085	 511.875641	 85.843399	 398.550354	 471.659668	 87.053009	 398.536896	 491.741608	 73.823296
746.632446	 400.225983	 -3.194805	 728.472900	 414.520294	 -5.016680	 399.228455	 512.829956	 85.662254	 398.264282	 472.614288	 86.868416	 398.261353	 492.696045	 73.642250
746.627747	 400.221649	 -3.195207	 728.472595	 414.511444	 -5.020071	 398.743164	 513.607605	 85.446449	 397.836273	 473.390045	 86.650795	 397.856750	 493.471344	 73.423874
746.625244	 400.217926	 -3.200382	 728.471375	 414.508667	 -5.026323	 398.125244	 514.196472	 85.203728	 397.261292	 473.977356	 86.394241	 397.320251	 494.053192	 73.175774
746.622620	 400.218231	 -3.207272	 728.469360	 414.503723	 -5.029064	 397.378937	 514.596558	 84.909470	 396.541443	 474.376160	 86.102608	 396.665161	 494.452606	 72.877998
746.621521	 400.213654	 -3.208922	 728.457764	 414.497955	 -5.023796	 396.497223	 514.824646	 84.558197	 395.678040	 474.605347	 85.758591	 395.894135	 494.679565	 72.518204
746.612183	 400.211365	 -3.207853	 728.445435	 414.497803	 -5.023382	 395.502075	 514.912415	 84.160767	 394.714325	 474.697784	 85.357468	 395.022614	 494.767456	 72.117233
746.603821	 400.211517	 -3.210917	 728.437927	 414.497711	 -5.029538	 394.574036	 514.900940	 83.860153	 393.837921	 474.682373	 85.053558	 394.204712	 494.755554	 71.824333
746.596008	 400.208832	 -3.208238	 728.426086	 414.502808	 -5.027275	 394.010223	 514.866028	 83.817345	 393.377167	 474.636292	 85.007805	 393.694122	 494.712280	 71.784607
746.587952	 400.213501	 -3.217344	 728.418518	 414.509460	 -5.033795	 393.567535	 514.830811	 83.853668	 393.070282	 474.602020	 85.042061	 393.313629	 494.679871	 71.831100
746.580994	 400.214325	 -3.221034	 728.412231	 414.512085	 -5.039875	 393.052032	 514.787415	 83.836296	 392.634552	 474.559692	 85.020348	 392.853088	 494.639832	 71.793755
746.566833	 400.213593	 -3.215756	 728.396606	 414.514313	 -5.034229	 392.649323	 514.755432	 83.835945	 392.302032	 474.529907	 85.011269	 392.489563	 494.608734	 71.782196
746.557678	 400.215576	 -3.222627	 728.392273	 414.515381	 -5.039180	 392.335999	 514.728638	 83.831070	 392.047119	 474.504608	 85.002998	 392.198059	 494.582794	 71.792137
746.553589	 400.214447	 -3.229145	 728.388916	 414.516113	 -5.040292	 392.080353	 514.718750	 83.817062	 391.826965	 474.491058	 84.998009	 391.955719	 494.567474	 71.800079
746.542908	 400.218384	 -3.231859	 728.380249	 414.518066	 -5.039118	 391.874817	 514.738647	 83.811790	 391.634003	 474.507019	 84.995087	 391.760742	 494.586273	 71.792786
746.526184	 400.220154	 -3.227783	 728.376038	 414.517517	 -5.044162	 391.711945	 514.782043	 83.814606	 391.449860	 474.548035	 84.999031	 391.593170	 494.629700	 71.785202
746.515503	 400.220459	 -3.224383	 728.374573	 414.516724	 -5.051069	 391.582825	 514.845764	 83.817886	 391.275360	 474.613495	 85.009850	 391.446808	 494.694672	 71.781700
746.505920	 400.225525	 -3.232574	 728.377625	 414.513000	 -5.050179	 391.477844	 514.923157	 83.819588	 391.139496	 474.694489	 85.003387	 391.320526	 494.773865	 71.778297
746.496094	 400.228790	 -3.234254	 728.380005	 414.506531	 -5.043636	 391.398956	 515.009338	 83.818199	 391.045685	 474.783356	 84.995026	 391.224915	 494.863464	 71.779472
746.484070	 400.230255	 -3.236403	 728.375671	 414.505005	 -5.041377	 391.322510	 515.114441	 83.817482	 390.952240	 474.885101	 85.001518	 391.134613	 494.965454	 71.784142
746.467712	 400.233582	 -3.232456	 728.371399	 414.503082	 -5.044386	 391.242767	 515.234619	 83.818451	 390.857971	 475.001251	 85.013123	 391.047974	 495.083160	 71.789612
746.453003	 400.232086	 -3.231717	 728.364624	 414.500824	 -5.051701	 391.157990	 515.379700	 83.821701	 390.767334	 475.145477	 85.016792	 390.962921	 495.230194	 71.786377
746.436462	 400.231934	 -3.232449	 728.352417	 414.500885	 -5.057457	 391.058350	 515.568298	 83.825790	 390.669434	 475.338501	 85.004936	 390.855347	 495.420380	 71.788872
746.423157	 400.235474	 -3.236142	 728.341370	 414.500519	 -5.061926	 390.940887	 515.791748	 83.825806	 390.549286	 475.561676	 85.002113	 390.730316	 495.645355	 71.790550
746.410461	 400.236816	 -3.238961	 728.331909	 414.503235	 -5.067967	 390.807343	 516.050537	 83.821289	 390.413788	 475.818909	 84.995872	 390.597198	 495.905975	 71.779541
746.406982	 400.240295	 -3.246902	 728.331909	 414.510193	 -5.068640	 390.665161	 516.348389	 83.816879	 390.270325	 476.116455	 84.990501	 390.453949	 496.202393	 71.774292
746.408875	 400.239777	 -3.246910	 728.340454	 414.512878	 -5.068096	 390.520386	 516.660767	 83.811539	 390.123047	 476.427948	 84.982674	 390.307281	 496.515717	 71.775635
746.411987	 400.237366	 -3.245994	 728.346497	 414.514496	 -5.064049	 390.372528	 516.969849	 83.809464	 389.973846	 476.738647	 84.971786	 390.157410	 496.827911	 71.768463
746.418152	 400.235077	 -3.253094	 728.352112	 414.513306	 -5.063645	 390.223785	 517.274353	 83.799850	 389.818909	 477.041595	 84.967072	 390.010681	 497.131104	 71.754128
746.424194	 400.232574	 -3.256295	 728.359985	 414.510651	 -5.067895	 390.064606	 517.550476	 83.794052	 389.659882	 477.320221	 84.943619	 389.851624	 497.410706	 71.749184
746.425903	 400.232452	 -3.252025	 728.364563	 414.513855	 -5.066717	 389.896271	 517.791626	 83.782616	 389.491852	 477.560608	 84.929733	 389.685913	 497.651642	 71.735512
746.436584	 400.239258	 -3.252140	 728.369995	 414.514832	 -5.068923	 389.725525	 517.992920	 83.776733	 389.319061	 477.760742	 84.926292	 389.511505	 497.850922	 71.738029
746.449036	 400.241577	 -3.251354	 728.371521	 414.515686	 -5.068986	 389.556030	 518.148254	 83.785179	 389.139221	 477.919891	 84.924454	 389.340912	 498.010223	 71.735435
