748.133362	 401.973267	 -2.831430	 730.019958	 415.640045	 -5.373450	 381.581299	 361.536316	 85.978592	 381.361023	 321.310730	 87.065742	 381.466583	 341.393890	 73.878395
748.140137	 401.978241	 -2.834571	 730.021240	 415.641998	 -5.373869	 381.579742	 361.535248	 85.980820	 381.363129	 321.309662	 87.065407	 381.468872	 341.393280	 73.877342
748.137817	 401.974396	 -2.828265	 730.018372	 415.641632	 -5.375721	 381.575256	 361.533966	 85.981979	 381.362579	 321.308868	 87.060318	 381.468750	 341.393097	 73.871315
748.132568	 401.970795	 -2.830117	 730.011597	 415.633881	 -5.372053	 381.572540	 361.532623	 85.980629	 381.356201	 321.309418	 87.061272	 381.462921	 341.392731	 73.875549
748.125000	 401.962921	 -2.832346	 730.007141	 415.625458	 -5.372899	 381.572296	 361.529236	 85.977562	 381.353790	 321.307037	 87.062027	 381.462280	 341.390289	 73.870918
748.121765	 401.957245	 -2.842232	 730.001831	 415.622070	 -5.376776	 381.571136	 361.529602	 85.976700	 381.353363	 321.306427	 87.060913	 381.461884	 341.391083	 73.868309
748.119812	 401.956451	 -2.841927	 730.003967	 415.618561	 -5.384985	 381.572723	 361.530396	 85.978882	 381.358368	 321.307587	 87.058533	 381.463409	 341.390320	 73.874016
748.119995	 401.954285	 -2.840655	 730.004883	 415.613647	 -5.382395	 381.576965	 361.528900	 85.979622	 381.362396	 321.305359	 87.059647	 381.465302	 341.387909	 73.878334
748.119568	 401.953735	 -2.843562	 730.003906	 415.611786	 -5.379406	 381.579285	 361.528839	 85.980751	 381.362061	 321.305725	 87.057648	 381.468811	 341.389343	 73.877296
748.125916	 401.954010	 -2.851919	 730.006287	 415.606537	 -5.382846	 381.579773	 361.527283	 85.986267	 381.363831	 321.304413	 87.062485	 381.470306	 341.388611	 73.875465
748.129028	 401.950592	 -2.847125	 730.004578	 415.602478	 -5.380870	 381.579102	 361.528381	 85.982689	 381.364044	 321.304199	 87.068176	 381.471436	 341.386902	 73.872627
748.131714	 401.953552	 -2.844054	 730.008179	 415.599243	 -5.383714	 381.578369	 361.531311	 85.982063	 381.362427	 321.307953	 87.062996	 381.468109	 341.389404	 73.877716
748.142639	 401.954376	 -2.841923	 730.014038	 415.593353	 -5.383460	 381.577667	 361.529144	 85.982994	 381.362061	 321.307007	 87.065315	 381.468719	 341.391663	 73.879333
748.158752	 401.958496	 -2.838802	 730.015686	 415.593414	 -5.380125	 381.577850	 361.531128	 85.987297	 381.363983	 321.308594	 87.067108	 381.472809	 341.393127	 73.871880
748.174194	 401.968048	 -2.835469	 730.021606	 415.588715	 -5.376416	 381.580170	 361.530945	 85.995613	 381.368378	 321.310211	 87.064949	 381.474701	 341.393219	 73.878395
748.191467	 401.968964	 -2.826154	 730.031799	 415.582916	 -5.378772	 381.582184	 361.527924	 85.995811	 381.372498	 321.307281	 87.064636	 381.476440	 341.390564	 73.882530
748.209839	 401.973297	 -2.828631	 730.036865	 415.580536	 -5.376757	 381.584564	 361.530334	 85.990562	 381.373047	 321.309540	 87.063507	 381.477478	 341.391815	 73.879021
748.225220	 401.974823	 -2.824165	 730.045715	 415.572845	 -5.378305	 381.587616	 361.528931	 85.988304	 381.374634	 321.309875	 87.064133	 381.479004	 341.391632	 73.882172
748.245422	 401.972534	 -2.820857	 730.052734	 415.568573	 -5.375004	 381.590607	 361.529724	 85.988281	 381.377167	 321.307648	 87.066345	 381.483032	 341.391724	 73.882835
748.259583	 401.970703	 -2.818051	 730.056824	 415.564240	 -5.369600	 381.594727	 361.534210	 85.986519	 381.378967	 321.310699	 87.065834	 381.485260	 341.395325	 73.884094
748.272217	 401.963318	 -2.819841	 730.068542	 415.558594	 -5.374952	 381.598450	 361.532074	 85.988777	 381.383636	 321.308746	 87.065788	 381.489502	 341.394440	 73.883568
748.286255	 401.953918	 -2.825281	 730.075073	 415.557373	 -5.374555	 381.601410	 361.532227	 85.988647	 381.385468	 321.308502	 87.070786	 381.495819	 341.393463	 73.879089
748.291321	 401.944122	 -2.826427	 730.078674	 415.550171	 -5.368682	 381.605713	 361.533081	 85.989174	 381.388947	 321.310791	 87.071846	 381.497223	 341.392853	 73.882309
748.303711	 401.932190	 -2.826493	 730.085205	 415.542267	 -5.367494	 381.607208	 361.530975	 85.992157	 381.393799	 321.308563	 87.063904	 381.498718	 341.390320	 73.883644
748.328003	 401.920868	 -2.820212	 730.089478	 415.534943	 -5.363403	 381.605591	 361.532806	 85.993950	 381.389435	 321.309021	 87.064850	 381.496704	 341.391693	 73.887367
748.366516	 401.898102	 -2.816041	 730.096680	 415.509644	 -5.351294	 381.606445	 361.532623	 85.992012	 381.388489	 321.308655	 87.067337	 381.496338	 341.393250	 73.881897
748.414001	 401.850281	 -2.814396	 730.104858	 415.471405	 -5.338501	 381.607178	 361.532227	 85.985382	 381.390198	 321.308075	 87.063774	 381.496887	 341.391541	 73.877083
748.463867	 401.791016	 -2.810591	 730.110962	 415.427612	 -5.339347	 381.604370	 361.532501	 85.986961	 381.385834	 321.308167	 87.064072	 381.492096	 341.391907	 73.881859
748.517883	 401.701263	 -2.820618	 730.118103	 415.357269	 -5.339371	 381.603485	 361.529633	 85.985435	 381.383698	 321.304779	 87.065697	 381.491058	 341.390259	 73.881371
748.557617	 401.584045	 -2.848150	 730.111267	 415.279541	 -5.325857	 381.600952	 361.530334	 85.982674	 381.380585	 321.305298	 87.071770	 381.493652	 341.388336	 73.877991
748.566711	 401.465271	 -2.875893	 730.094055	 415.192627	 -5.313725	 381.599396	 361.530426	 85.985519	 381.381592	 321.306732	 87.063469	 381.489563	 341.388489	 73.877594
748.565369	 401.327026	 -2.914220	 730.067627	 415.093628	 -5.319788	 381.597900	 361.529083	 85.982689	 381.379242	 321.302765	 87.062164	 381.483429	 341.386841	 73.882500
748.569641	 401.188416	 -2.944506	 730.028687	 414.982452	 -5.329317	 381.593201	 361.529968	 85.981316	 381.372284	 321.304016	 87.071510	 381.480774	 341.388153	 73.882790
748.555603	 401.053375	 -2.996631	 729.982727	 414.865204	 -5.354553	 381.589478	 361.528046	 85.983459	 381.371460	 321.304596	 87.067772	 381.480133	 341.390167	 73.874298
748.489441	 400.909027	 -3.068076	 729.917236	 414.751495	 -5.397877	 381.586609	 361.526398	 85.985832	 381.371857	 321.303772	 87.063339	 381.479797	 341.389893	 73.870255
748.366516	 400.727295	 -3.146779	 729.816895	 414.611664	 -5.448685	 381.585876	 361.529053	 85.985779	 381.368408	 321.307129	 87.070557	 381.478546	 341.390381	 73.873398
748.201416	 400.508667	 -3.255396	 729.675598	 414.442230	 -5.514707	 381.584076	 361.528595	 85.987305	 381.366302	 321.306274	 87.071808	 381.474213	 341.388031	 73.882805
747.983887	 400.262024	 -3.366867	 729.484009	 414.265686	 -5.597383	 381.579956	 361.528839	 85.988853	 381.365112	 321.306213	 87.065590	 381.472900	 341.388977	 73.881516
747.689453	 399.995422	 -3.484534	 729.248962	 414.099426	 -5.712934	 381.575470	 361.530060	 85.988754	 381.357910	 321.307953	 87.067535	 381.466492	 341.393097	 73.882362
747.306824	 399.697418	 -3.630111	 728.924194	 413.919525	 -5.852267	 381.568237	 361.528107	 85.989700	 381.352173	 321.306274	 87.070152	 381.458771	 341.389587	 73.882576
746.846924	 399.095062	 -3.566681	 728.490723	 413.484955	 -5.971704	 381.561310	 361.528046	 85.990288	 381.349976	 321.306305	 87.064461	 381.453278	 341.388000	 73.883011
746.346069	 397.914124	 -3.202629	 727.942505	 412.386658	 -6.072678	 381.557434	 361.529175	 85.991470	 381.344788	 321.307251	 87.068489	 381.451843	 341.391357	 73.880157
745.715576	 396.450073	 -2.756840	 727.294067	 410.915344	 -6.284963	 381.558136	 361.528351	 85.990067	 381.342712	 321.305664	 87.073196	 381.449005	 341.389862	 73.886116
744.873657	 394.818085	 -2.062296	 726.480408	 409.302216	 -6.569227	 381.558075	 361.530945	 85.989929	 381.343140	 321.307739	 87.069916	 381.448364	 341.390442	 73.887596
743.795715	 392.842529	 -1.022017	 725.313660	 407.354462	 -6.457124	 381.556427	 361.530731	 85.990440	 381.342163	 321.308228	 87.070236	 381.450165	 341.391785	 73.880745
742.400879	 390.634552	 0.522635	 723.689148	 405.121033	 -5.686416	 381.556244	 361.528503	 85.987137	 381.340515	 321.306824	 87.071701	 381.448090	 341.389435	 73.884094
740.641052	 388.365631	 2.532943	 721.623779	 402.823883	 -4.357851	 381.556763	 361.531281	 85.982216	 381.340515	 321.308807	 87.067093	 381.448425	 341.392914	 73.878761
738.562256	 386.097046	 4.833198	 719.161682	 400.615356	 -2.606483	 381.556335	 361.530243	 85.989449	 381.344269	 321.308197	 87.062836	 381.450226	 341.392059	 73.877022
736.219238	 383.827362	 7.298200	 716.337158	 398.524261	 -0.524845	 381.557770	 361.530029	 85.987564	 381.346283	 321.307343	 87.062744	 381.451843	 341.387482	 73.880676
733.665527	 381.511383	 9.910113	 713.130249	 396.530853	 1.916517	 381.561554	 361.532227	 85.979843	 381.344910	 321.308929	 87.061043	 381.449768	 341.389191	 73.876099
730.947266	 379.132874	 12.725031	 709.554871	 394.596466	 4.773974	 381.561768	 361.529755	 85.979790	 381.342621	 321.306000	 87.062401	 381.446198	 341.387665	 73.882874
728.069031	 376.702179	 15.840888	 705.691528	 392.645966	 8.058280	 381.556732	 361.530090	 85.979668	 381.340179	 321.304504	 87.064285	 381.445313	 341.389313	 73.875458
725.032532	 374.195984	 19.327127	 701.684875	 390.610504	 11.666808	 381.550781	 361.529633	 85.982437	 381.338257	 321.306213	 87.060196	 381.439758	 341.390411	 73.875732
721.849670	 371.560486	 23.202856	 697.576355	 388.430176	 15.507756	 381.547546	 361.528015	 85.977875	 381.332520	 321.305145	 87.062279	 381.435516	 341.386292	 73.881691
718.516296	 368.766541	 27.451044	 693.279419	 386.106018	 19.608397	 381.544098	 361.531281	 85.976700	 381.326630	 321.306152	 87.065834	 381.432037	 341.388611	 73.880890
715.019531	 365.835693	 31.988123	 688.728088	 383.700958	 23.944372	 381.541840	 361.530334	 85.981346	 381.324371	 321.304749	 87.068855	 381.428467	 341.389740	 73.883232
711.337219	 362.778046	 36.732906	 683.808655	 381.356384	 28.501326	 381.540161	 361.529480	 85.981995	 381.322937	 321.301971	 87.071541	 381.427948	 341.389099	 73.883102
707.458435	 359.602966	 41.602894	 678.395264	 379.294434	 33.226078	 381.536499	 361.530548	 85.984741	 381.320892	 321.303680	 87.070518	 381.427551	 341.390839	 73.879227
703.375977	 356.313934	 46.429642	 672.404602	 377.707428	 38.003593	 381.537720	 361.528168	 85.983292	 381.321442	 321.303040	 87.066444	 381.427643	 341.387390	 73.879929
699.100586	 352.944489	 51.022469	 665.859741	 376.646820	 42.684772	 381.537903	 361.530243	 85.983009	 381.318817	 321.304596	 87.069481	 381.427460	 341.387543	 73.881889
694.551880	 349.642151	 55.252460	 658.851685	 376.070068	 47.156052	 381.536255	 361.530518	 85.988815	 381.318115	 321.306732	 87.071243	 381.426178	 341.390015	 73.879509
689.629517	 346.566589	 59.073143	 651.489441	 375.920532	 51.352257	 381.535400	 361.528931	 85.988716	 381.319672	 321.304047	 87.066406	 381.425598	 341.387360	 73.883278
684.315430	 343.769196	 62.586540	 643.917358	 376.076935	 55.245605	 381.529846	 361.531464	 85.992729	 381.315094	 321.304291	 87.070786	 381.421631	 341.387787	 73.890778
678.619019	 341.230743	 65.865967	 636.212158	 376.408691	 58.905838	 381.525055	 361.529694	 86.000984	 381.308868	 321.304962	 87.078224	 381.418060	 341.390747	 73.893539
672.544678	 338.955475	 68.929825	 628.420105	 376.888489	 62.336781	 381.520569	 361.527710	 85.999504	 381.305847	 321.304352	 87.074257	 381.415344	 341.388977	 73.887421
666.103760	 336.959686	 71.823097	 620.580872	 377.524384	 65.480354	 381.513977	 361.529266	 85.996933	 381.302155	 321.306946	 87.067360	 381.412750	 341.392517	 73.879890
659.334229	 335.203705	 74.580414	 612.714844	 378.316498	 68.335167	 381.510986	 361.526367	 85.995918	 381.295380	 321.304749	 87.070770	 381.409515	 341.390411	 73.877174
652.285522	 333.602081	 77.108963	 604.820618	 379.287628	 70.932205	 381.509430	 361.526733	 85.994461	 381.292267	 321.302429	 87.073654	 381.401184	 341.386749	 73.883324
645.018982	 332.064423	 79.282257	 596.899536	 380.467957	 73.299065	 381.506897	 361.527527	 85.994759	 381.291290	 321.303223	 87.070473	 381.395355	 341.388580	 73.889198
637.598999	 330.549347	 81.049149	 588.992371	 381.853241	 75.417702	 381.503967	 361.523499	 85.990547	 381.286865	 321.299469	 87.070549	 381.393646	 341.384552	 73.886253
630.076538	 329.061462	 82.396034	 581.174927	 383.337524	 77.280815	 381.503082	 361.523926	 85.987549	 381.284363	 321.299805	 87.070724	 381.391510	 341.384674	 73.877220
622.498108	 327.591400	 83.353188	 573.491394	 384.755951	 78.940208	 381.500580	 361.522949	 85.995316	 381.285614	 321.300476	 87.067551	 381.391296	 341.386108	 73.878113
614.924072	 326.149475	 83.984299	 565.962219	 385.967468	 80.392540	 381.500336	 361.522827	 85.995377	 381.287567	 321.300232	 87.066360	 381.391296	 341.383972	 73.884567
607.392273	 324.782349	 84.433220	 558.591553	 386.893280	 81.601051	 381.503784	 361.524628	 85.990654	 381.287323	 321.301544	 87.066597	 381.391510	 341.384796	 73.888451
599.930725	 323.505890	 84.806183	 551.376526	 387.552307	 82.491142	 381.504181	 361.522766	 85.989220	 381.288147	 321.299988	 87.064331	 381.390045	 341.384369	 73.891373
592.565552	 322.309967	 85.135033	 544.329712	 388.058960	 83.018539	 381.503876	 361.523376	 85.988060	 381.288757	 321.299591	 87.060837	 381.389709	 341.383301	 73.888802
585.344238	 321.117554	 85.307304	 537.486145	 388.576019	 83.224098	 381.504730	 361.524689	 85.990005	 381.288635	 321.301270	 87.059593	 381.392761	 341.384613	 73.887642
578.288086	 319.853760	 85.187241	 530.889648	 389.170410	 83.211914	 381.504730	 361.522827	 85.989029	 381.290680	 321.301361	 87.062477	 381.394775	 341.385651	 73.885124
571.415588	 318.540039	 84.660774	 524.549683	 389.699890	 83.128288	 381.505341	 361.524017	 85.986427	 381.290436	 321.301544	 87.062904	 381.393951	 341.386169	 73.880119
564.721375	 317.221008	 83.767990	 518.443909	 389.962860	 83.071991	 381.503082	 361.523438	 85.984962	 381.286987	 321.299591	 87.061539	 381.393494	 341.385498	 73.877281
558.196106	 315.962524	 82.515656	 512.552368	 389.861511	 83.074554	 381.501556	 361.521057	 85.978020	 381.282440	 321.295593	 87.063187	 381.390839	 341.380676	 73.879265
551.850037	 314.815216	 80.894226	 506.867645	 389.492065	 83.130119	 381.499817	 361.522522	 85.975716	 381.281219	 321.296509	 87.061035	 381.387695	 341.382141	 73.880516
545.728760	 313.707458	 79.018280	 501.404694	 389.044952	 83.149490	 381.498474	 361.522491	 85.978622	 381.281006	 321.298859	 87.059677	 381.385498	 341.383789	 73.882889
539.902283	 312.541962	 77.218483	 496.162354	 388.573547	 82.970718	 381.498016	 361.521942	 85.979919	 381.280731	 321.298248	 87.061470	 381.385315	 341.380127	 73.882484
534.368103	 311.301483	 75.840141	 491.130157	 388.013519	 82.462173	 381.497040	 361.522400	 85.980377	 381.279572	 321.299194	 87.059273	 381.386993	 341.383972	 73.874069
529.119995	 309.979370	 74.831711	 486.329132	 387.398865	 81.599861	 381.497101	 361.520081	 85.976631	 381.280121	 321.298279	 87.058357	 381.384705	 341.382080	 73.877228
524.163452	 308.589081	 73.948929	 481.778656	 386.857147	 80.537720	 381.497131	 361.520630	 85.976471	 381.281830	 321.297455	 87.055542	 381.386169	 341.379883	 73.877022
519.437927	 307.211823	 73.122040	 477.473755	 386.488251	 79.492867	 381.496429	 361.521973	 85.977699	 381.279938	 321.297913	 87.053482	 381.385498	 341.381927	 73.873512
514.871338	 305.946320	 72.457939	 473.429230	 386.366211	 78.587372	 381.497314	 361.519745	 85.978493	 381.281586	 321.295441	 87.055885	 381.388580	 341.379486	 73.871750
510.412872	 304.846436	 72.019585	 469.669922	 386.517944	 77.851700	 381.500580	 361.521515	 85.972214	 381.285797	 321.296112	 87.053711	 381.389435	 341.378937	 73.876862
506.090820	 303.881226	 71.794441	 466.187378	 386.878357	 77.251488	 381.505127	 361.521301	 85.964417	 381.286499	 321.297546	 87.051331	 381.389130	 341.380310	 73.876312
501.954254	 302.970428	 71.792313	 462.952026	 387.342133	 76.734718	 381.503693	 361.518341	 85.967697	 381.285858	 321.294373	 87.053101	 381.387726	 341.378235	 73.874641
498.031921	 302.091034	 71.998009	 459.903839	 387.767395	 76.291534	 381.500122	 361.518250	 85.969078	 381.281891	 321.295258	 87.057465	 381.387115	 341.379181	 73.868736
494.325836	 301.246979	 72.355820	 456.986145	 388.068939	 75.928612	 381.500397	 361.517242	 85.965897	 381.280792	 321.295715	 87.056175	 381.389008	 341.379272	 73.868492
490.809052	 300.449982	 72.798927	 454.206818	 388.343933	 75.684616	 381.499023	 361.517975	 85.969261	 381.282898	 321.293915	 87.050911	 381.389526	 341.377930	 73.873077
487.433777	 299.738464	 73.286087	 451.594788	 388.698273	 75.556496	 381.495850	 361.518921	 85.972710	 381.278961	 321.296082	 87.052155	 381.386719	 341.379639	 73.873543
484.185303	 299.089813	 73.785698	 449.142303	 389.078430	 75.464462	 381.495331	 361.516388	 85.971390	 381.276917	 321.294250	 87.053574	 381.387726	 341.379425	 73.864647
481.083313	 298.448212	 74.247055	 446.779694	 389.376740	 75.364235	 381.493042	 361.517029	 85.973152	 381.277618	 321.292633	 87.051605	 381.388000	 341.379730	 73.858665
478.126801	 297.783844	 74.681938	 444.456635	 389.546997	 75.248367	 381.491882	 361.516174	 85.974983	 381.275360	 321.294128	 87.049599	 381.383484	 341.380249	 73.862442
475.334015	 297.079376	 75.102135	 442.188446	 389.629791	 75.108124	 381.492401	 361.513672	 85.972618	 381.275391	 321.292145	 87.052490	 381.384003	 341.376831	 73.861397
472.679596	 296.376404	 75.590935	 440.014893	 389.695526	 74.961365	 381.492676	 361.516510	 85.971451	 381.276642	 321.293579	 87.053368	 381.384491	 341.377869	 73.868149
470.113678	 295.765106	 76.201187	 437.951050	 389.763397	 74.885757	 381.498657	 361.516205	 85.971695	 381.279175	 321.293274	 87.054245	 381.388580	 341.381012	 73.868637
467.589661	 295.312714	 76.850685	 436.015015	 389.901459	 74.915771	 381.502106	 361.514160	 85.970207	 381.282410	 321.292297	 87.056381	 381.389313	 341.378845	 73.869698
465.093658	 295.008087	 77.382980	 434.241028	 390.169006	 74.967400	 381.499939	 361.515961	 85.968811	 381.281281	 321.295013	 87.053032	 381.385498	 341.379608	 73.872406
462.628265	 294.825073	 77.720467	 432.604645	 390.479401	 74.907089	 381.499664	 361.515656	 85.971596	 381.281464	 321.292603	 87.049019	 381.387268	 341.377777	 73.873428
460.208557	 294.708557	 77.922714	 431.030060	 390.709351	 74.682266	 381.500610	 361.518341	 85.969460	 381.281433	 321.293579	 87.055519	 381.385803	 341.376007	 73.878960
457.875275	 294.555145	 77.968170	 429.474915	 390.795532	 74.331757	 381.498932	 361.518921	 85.974159	 381.279633	 321.296265	 87.057739	 381.383514	 341.377594	 73.878571
455.628113	 294.355774	 77.811798	 427.933990	 390.764954	 73.914505	 381.495850	 361.515015	 85.976967	 381.279907	 321.294464	 87.053497	 381.384216	 341.376099	 73.878738
453.434601	 294.178497	 77.512352	 426.432465	 390.704071	 73.464386	 381.488190	 361.515839	 85.979309	 381.275879	 321.294769	 87.054390	 381.378235	 341.374176	 73.879990
451.282135	 294.058441	 77.168633	 425.015411	 390.656860	 72.973511	 381.487122	 361.515259	 85.982597	 381.271576	 321.293396	 87.051361	 381.371979	 341.373322	 73.883537
449.150055	 294.017273	 76.753967	 423.683044	 390.630463	 72.409683	 381.484192	 361.513031	 85.981026	 381.269318	 321.290649	 87.049713	 381.370453	 341.371216	 73.883484
447.058868	 294.019958	 76.272293	 422.410980	 390.615295	 71.741837	 381.477814	 361.514404	 85.983727	 381.266418	 321.292664	 87.049576	 381.368896	 341.373962	 73.878830
445.048309	 294.000610	 75.779785	 421.160156	 390.514008	 70.955536	 381.479858	 361.512787	 85.977448	 381.263458	 321.290588	 87.049438	 381.367676	 341.374176	 73.875542
443.121887	 293.925720	 75.307549	 419.894409	 390.251312	 70.072578	 381.481628	 361.514221	 85.970322	 381.259064	 321.290527	 87.052643	 381.368805	 341.372467	 73.876045
441.276581	 293.773041	 74.854156	 418.630554	 389.833282	 69.145874	 381.478302	 361.516571	 85.976364	 381.257202	 321.293091	 87.052063	 381.367493	 341.373383	 73.875610
439.508301	 293.554291	 74.367653	 417.375031	 389.291321	 68.210556	 381.478027	 361.514252	 85.978920	 381.259277	 321.291199	 87.050575	 381.367767	 341.374725	 73.875824
437.801971	 293.311096	 73.844139	 416.145447	 388.679382	 67.293335	 381.477661	 361.514496	 85.978203	 381.261505	 321.291351	 87.052315	 381.373260	 341.377960	 73.867462
436.162384	 293.043396	 73.367004	 414.950470	 388.008881	 66.460983	 381.479706	 361.514618	 85.976463	 381.266235	 321.292053	 87.045532	 381.374176	 341.377563	 73.864632
434.598511	 292.752869	 72.990395	 413.800262	 387.249786	 65.716171	 381.482819	 361.514557	 85.981049	 381.268005	 321.290741	 87.044754	 381.372742	 341.373383	 73.872833
433.091980	 292.482941	 72.718567	 412.687317	 386.414459	 65.030807	 381.485352	 361.516876	 85.978111	 381.266418	 321.290955	 87.052132	 381.373077	 341.374390	 73.878716
431.626831	 292.282349	 72.518608	 411.628448	 385.593536	 64.439331	 381.488342	 361.515717	 85.974831	 381.269562	 321.290283	 87.054955	 381.377411	 341.376617	 73.875328
430.181671	 292.190399	 72.393707	 410.655823	 384.891998	 64.004257	 381.489990	 361.515991	 85.976852	 381.271210	 321.289093	 87.055092	 381.382935	 341.377106	 73.864319
428.758240	 292.266357	 72.372559	 409.818695	 384.392242	 63.749397	 381.492828	 361.518433	 85.975647	 381.272034	 321.291260	 87.057777	 381.383179	 341.379089	 73.866455
427.367920	 292.513641	 72.501053	 409.133392	 384.044037	 63.678486	 381.496338	 361.515747	 85.975273	 381.277649	 321.291687	 87.058243	 381.385590	 341.378937	 73.872612
426.026611	 292.868713	 72.763397	 408.558105	 383.747314	 63.793079	 381.497620	 361.515442	 85.977242	 381.283386	 321.292389	 87.057594	 381.392242	 341.378296	 73.868050
424.739136	 293.281830	 73.049294	 408.038452	 383.414185	 64.025230	 381.502319	 361.518036	 85.977692	 381.286560	 321.293762	 87.059029	 381.392517	 341.378235	 73.872543
423.501923	 293.722931	 73.328178	 407.533386	 383.059784	 64.315071	 381.507996	 361.516479	 85.977531	 381.291229	 321.292938	 87.054016	 381.395233	 341.379272	 73.872246
422.321136	 294.188751	 73.559868	 407.089783	 382.843475	 64.627068	 381.508911	 361.517059	 85.978096	 381.290833	 321.292755	 87.055466	 381.400635	 341.380676	 73.870689
421.191284	 294.679932	 73.676865	 406.733643	 382.733154	 64.954277	 381.509888	 361.517426	 85.976654	 381.290955	 321.293427	 87.058708	 381.400116	 341.379517	 73.872337
420.118469	 295.156738	 73.720490	 406.390076	 382.627045	 65.260010	 381.509491	 361.515076	 85.977844	 381.290619	 321.290924	 87.057411	 381.401794	 341.377197	 73.866142
419.125763	 295.571075	 73.736542	 406.009918	 382.513794	 65.480629	 381.506195	 361.514862	 85.977661	 381.285370	 321.291229	 87.056931	 381.401245	 341.377350	 73.861984
418.204773	 295.947510	 73.675758	 405.591461	 382.383209	 65.598473	 381.502777	 361.514038	 85.975677	 381.281677	 321.290924	 87.055389	 381.394775	 341.376190	 73.867249
417.328796	 296.391327	 73.508911	 405.195435	 382.269623	 65.607475	 381.496643	 361.513916	 85.970673	 381.279541	 321.291168	 87.045174	 381.389771	 341.375183	 73.862198
416.484131	 297.021454	 73.277260	 404.902008	 382.166321	 65.489845	 381.481293	 361.514008	 85.967972	 381.266541	 321.293213	 87.041306	 381.377441	 341.376068	 73.859497
415.661804	 297.935150	 72.973785	 404.773529	 382.077240	 65.307709	 381.466309	 361.510254	 85.968811	 381.250183	 321.290344	 87.043030	 381.365814	 341.375916	 73.856331
414.836639	 299.191986	 72.516098	 404.781158	 382.034576	 65.146027	 381.468445	 361.511719	 85.962715	 381.246918	 321.289551	 87.042053	 381.363190	 341.373871	 73.855728
413.391602	 301.333496	 71.705833	 404.934692	 382.027588	 65.048965	 381.393921	 361.528198	 85.942490	 381.175079	 321.305969	 87.029007	 381.295746	 341.388733	 73.846024
412.858185	 301.789642	 71.577057	 405.033783	 382.055084	 65.208664	 381.276398	 361.549957	 85.908661	 381.051971	 321.325012	 87.010002	 381.188049	 341.406281	 73.825439
412.396851	 302.157379	 71.494118	 405.219238	 382.107147	 65.496887	 381.145111	 361.557343	 85.882828	 380.917938	 321.333160	 86.998100	 381.068604	 341.412872	 73.806801
411.985596	 302.493988	 71.514030	 405.452637	 382.167725	 65.828392	 381.034882	 361.548615	 85.876495	 380.809967	 321.322815	 86.992149	 380.969604	 341.400696	 73.799530
411.608887	 302.833923	 71.638718	 405.639252	 382.209259	 66.127975	 380.921967	 361.533020	 85.881935	 380.692383	 321.306488	 86.990021	 380.868683	 341.384796	 73.793297
411.269257	 303.146820	 71.849121	 405.692291	 382.198212	 66.358337	 380.778046	 361.503357	 85.882553	 380.538513	 321.276978	 86.989426	 380.737579	 341.356659	 73.793060
410.952606	 303.409607	 72.094948	 405.620178	 382.166840	 66.513588	 380.582947	 361.481415	 85.880630	 380.336670	 321.250916	 86.981224	 380.566742	 341.332581	 73.781746
410.644196	 303.654358	 72.338760	 405.485168	 382.147675	 66.617599	 380.345093	 361.481781	 85.866798	 380.103058	 321.250610	 86.960114	 380.360779	 341.332306	 73.755020
410.350006	 303.867126	 72.539391	 405.324951	 382.135345	 66.701279	 380.096924	 361.488190	 85.837326	 379.859314	 321.258423	 86.931938	 380.141266	 341.339691	 73.733025
410.057159	 304.031555	 72.725609	 405.162598	 382.125305	 66.796021	 379.848450	 361.491638	 85.813271	 379.606537	 321.262939	 86.910828	 379.923096	 341.344360	 73.715706
409.769989	 304.159882	 72.904755	 405.007538	 382.109833	 66.923111	 379.598297	 361.486664	 85.806564	 379.350281	 321.261658	 86.906288	 379.702057	 341.343658	 73.712204
409.488464	 304.255798	 73.082260	 404.833527	 382.079987	 67.085457	 379.334717	 361.469330	 85.824303	 379.085114	 321.245819	 86.908920	 379.473297	 341.328125	 73.718117
409.204193	 304.329193	 73.282272	 404.612366	 382.040833	 67.287346	 379.029297	 361.440674	 85.852982	 378.789185	 321.216644	 86.917419	 379.223541	 341.300568	 73.729279
408.917145	 304.404755	 73.539032	 404.360992	 382.012146	 67.540108	 378.691742	 361.405457	 85.888214	 378.472504	 321.180420	 86.950394	 378.952393	 341.266510	 73.768654
408.637634	 304.522247	 73.895958	 404.117004	 382.027313	 67.844818	 378.353912	 361.419189	 85.985291	 378.158020	 321.190643	 87.074272	 378.688446	 341.273438	 73.881516
408.363739	 304.710602	 74.412277	 403.915588	 382.108215	 68.235275	 378.062988	 361.550415	 86.206657	 377.861755	 321.321320	 87.358170	 378.453278	 341.385406	 74.136475
408.096436	 304.959991	 75.121155	 403.765747	 382.254395	 68.734253	 377.840637	 361.802307	 86.600082	 377.592773	 321.579254	 87.844666	 378.259613	 341.606079	 74.574928
407.829254	 305.240265	 76.051208	 403.620605	 382.447540	 69.397118	 377.655731	 362.138550	 87.174957	 377.331299	 321.920410	 88.586037	 378.077454	 341.892609	 75.235405
407.555969	 305.518890	 77.196968	 403.453033	 382.640625	 70.259727	 377.464233	 362.487579	 87.979126	 377.069000	 322.277069	 89.594505	 377.876984	 342.185120	 76.150467
407.272278	 305.763550	 78.543297	 403.243195	 382.806976	 71.340729	 377.244354	 362.795441	 89.050308	 376.796356	 322.595886	 90.843300	 377.646576	 342.439758	 77.322685
406.962921	 305.955750	 80.109772	 402.957123	 382.930573	 72.694916	 376.973480	 363.035187	 90.383949	 376.492340	 322.842072	 92.322853	 377.374939	 342.637634	 78.725960
406.630798	 306.081116	 81.935837	 402.585480	 382.995392	 74.336914	 376.623596	 363.177521	 91.983162	 376.142609	 322.990295	 94.031044	 377.042023	 342.750275	 80.372543
406.263916	 306.146667	 83.997879	 402.128265	 383.011536	 76.276695	 376.194366	 363.231567	 93.866600	 375.739929	 323.048309	 95.979599	 376.641846	 342.779022	 82.295380
405.844849	 306.184662	 86.281914	 401.607117	 383.010254	 78.538475	 375.705200	 363.238068	 96.041565	 375.293488	 323.056244	 98.191872	 376.186951	 342.768402	 84.501556
405.411011	 306.214783	 88.923134	 401.053406	 383.004486	 81.149246	 375.181641	 363.214569	 98.531471	 374.811737	 323.037628	 100.708824	 375.701508	 342.744720	 87.000366
404.957764	 306.230865	 91.880234	 400.472260	 383.001068	 84.127563	 374.630035	 363.173340	 101.387390	 374.304901	 322.996246	 103.555077	 375.194244	 342.711761	 89.841423
404.476776	 306.233124	 95.086105	 399.872681	 382.992676	 87.487701	 374.065430	 363.108673	 104.614494	 373.802185	 322.930298	 106.722672	 374.673218	 342.663696	 93.036713
404.003113	 306.215240	 98.680580	 399.254425	 382.967316	 91.234024	 373.486908	 363.002167	 108.218582	 373.290588	 322.818359	 110.245270	 374.130859	 342.582581	 96.597336
403.526306	 306.173462	 102.577888	 398.617584	 382.919403	 95.361061	 372.904236	 362.847961	 112.200432	 372.783386	 322.655701	 114.110870	 373.574951	 342.463470	 100.530785
403.036377	 306.109589	 106.707535	 397.986389	 382.844513	 99.837692	 372.346588	 362.656342	 116.553459	 372.300751	 322.457550	 118.318291	 373.035309	 342.319489	 104.817581
402.560944	 306.020447	 111.156898	 397.377350	 382.745331	 104.613159	 371.826965	 362.453278	 121.283188	 371.841980	 322.246033	 122.874657	 372.519440	 342.166687	 109.439476
402.095581	 305.920288	 115.915443	 396.785583	 382.636536	 109.676155	 371.342407	 362.252289	 126.345818	 371.423950	 322.037872	 127.759781	 372.019226	 342.014832	 114.413216
401.659119	 305.828766	 120.964561	 396.198914	 382.529083	 115.023163	 370.885651	 362.056335	 131.716080	 371.039185	 321.839783	 132.987503	 371.530396	 341.859314	 119.727371
401.248444	 305.751953	 126.309578	 395.628601	 382.439819	 120.604851	 370.464783	 361.886108	 137.374756	 370.690918	 321.664551	 138.555237	 371.068329	 341.720917	 125.330750
400.867096	 305.694489	 131.923157	 395.089478	 382.364716	 126.394562	 370.089874	 361.749847	 143.302460	 370.383362	 321.521698	 144.419708	 370.633850	 341.606232	 131.223160
400.530609	 305.644684	 137.801773	 394.581512	 382.297516	 132.394501	 369.765594	 361.629028	 149.492386	 370.137604	 321.401825	 150.551849	 370.248047	 341.498596	 137.382004
400.253479	 305.613495	 143.943329	 394.115753	 382.253967	 138.597092	 369.502533	 361.539886	 155.922531	 369.964142	 321.312622	 156.971909	 369.915985	 341.410156	 143.805084
400.050018	 305.615875	 150.342148	 393.710297	 382.239319	 144.998535	 369.315338	 361.491180	 162.596115	 369.870514	 321.266541	 163.684677	 369.646576	 341.354614	 150.493271
399.927551	 305.646423	 156.980515	 393.365356	 382.256531	 151.604813	 369.220398	 361.482361	 169.494659	 369.875031	 321.258331	 170.650940	 369.455536	 341.326294	 157.431458
399.887207	 305.706726	 163.825363	 393.101227	 382.308563	 158.387085	 369.223267	 361.515594	 176.598709	 369.979736	 321.292633	 177.829514	 369.356720	 341.333099	 164.579391
399.927979	 305.782227	 170.834030	 392.929810	 382.375793	 165.325195	 369.323090	 361.565796	 183.891083	 370.179626	 321.348480	 185.200195	 369.350250	 341.363525	 171.909256
400.041107	 305.855011	 177.959335	 392.834839	 382.449097	 172.393997	 369.514130	 361.606445	 191.328781	 370.475677	 321.393890	 192.696198	 369.423248	 341.388428	 179.383392
400.232269	 305.916473	 185.152313	 392.806641	 382.511169	 179.578857	 369.786346	 361.617004	 198.895264	 370.859222	 321.415100	 200.285995	 369.578918	 341.392609	 186.961853
400.513672	 305.951355	 192.374374	 392.857635	 382.545166	 186.863663	 370.148254	 361.588654	 206.574097	 371.340881	 321.397217	 207.949661	 369.826721	 341.368439	 194.632111
400.877594	 305.965363	 199.598312	 392.991791	 382.563385	 194.221420	 370.617065	 361.544586	 214.288040	 371.919678	 321.347656	 215.636658	 370.163940	 341.321655	 202.343033
401.304138	 305.958527	 206.824677	 393.204773	 382.561554	 201.623306	 371.170349	 361.476166	 222.012924	 372.568756	 321.271271	 223.327103	 370.574921	 341.254395	 210.079376
401.796021	 305.917755	 214.032227	 393.479645	 382.532837	 209.041702	 371.783691	 361.358765	 229.729614	 373.274689	 321.150269	 230.989182	 371.052734	 341.152161	 217.798523
402.367828	 305.866028	 221.189819	 393.812988	 382.494049	 216.429962	 372.445221	 361.217255	 237.401505	 374.042450	 321.011688	 238.567490	 371.601654	 341.036652	 225.439407
403.018890	 305.830139	 228.295059	 394.214752	 382.460663	 223.768066	 373.170776	 361.084320	 244.986130	 374.882813	 320.884399	 246.054947	 372.227112	 340.927673	 232.998306
403.762634	 305.835388	 235.361542	 394.724060	 382.469360	 231.002930	 373.992706	 361.015717	 252.452255	 375.813293	 320.818878	 253.461441	 372.952637	 340.866455	 240.458237
404.603455	 305.919983	 242.382980	 395.374268	 382.557251	 238.072403	 374.938568	 361.077698	 259.781372	 376.845825	 320.882721	 260.782349	 373.799835	 340.920380	 247.793457
405.544647	 306.087494	 249.298386	 396.153717	 382.721466	 244.947510	 376.002380	 361.266632	 266.928040	 377.979431	 321.076294	 267.984375	 374.757660	 341.082764	 254.992523
406.561737	 306.318665	 256.078949	 397.014740	 382.950226	 251.608673	 377.134552	 361.545349	 273.863068	 379.179321	 321.361908	 275.010559	 375.796997	 341.322205	 262.002716
407.632416	 306.607300	 262.651733	 397.922729	 383.221008	 258.033020	 378.298950	 361.873596	 280.537903	 380.403900	 321.698181	 281.815521	 376.885040	 341.612061	 268.756836
408.734894	 306.919006	 268.968262	 398.856201	 383.508179	 264.193726	 379.468048	 362.218933	 286.907898	 381.631866	 322.050690	 288.327179	 377.992493	 341.920685	 275.217224
409.828888	 307.222626	 274.977325	 399.792084	 383.797333	 270.055023	 380.613495	 362.559479	 292.946075	 382.837341	 322.395599	 294.481415	 379.080475	 342.223907	 281.334686
410.903442	 307.508423	 280.614349	 400.720642	 384.069427	 275.593048	 381.718567	 362.871765	 298.631836	 384.001099	 322.713745	 300.257568	 380.136963	 342.502502	 287.082581
411.946472	 307.770050	 285.867523	 401.639587	 384.325867	 280.792816	 382.782928	 363.152527	 303.949799	 385.120209	 322.999298	 305.635345	 381.174469	 342.759094	 292.447052
412.957520	 308.015900	 290.710114	 402.539093	 384.566132	 285.653778	 383.812073	 363.396790	 308.888275	 386.193451	 323.248871	 310.589478	 382.177338	 342.995972	 297.401825
413.923492	 308.239258	 295.122131	 403.410004	 384.785431	 290.148010	 384.790039	 363.596771	 313.436584	 387.209991	 323.451477	 315.101837	 383.130676	 343.201324	 301.942108
414.824524	 308.455750	 299.092987	 404.244995	 385.006927	 294.237427	 385.712433	 363.788391	 317.548126	 388.157013	 323.640045	 319.168610	 384.033813	 343.402618	 306.027557
415.648987	 308.679504	 302.611603	 405.044464	 385.238403	 297.903046	 386.591248	 363.996674	 321.204926	 389.031250	 323.846405	 322.780975	 384.879547	 343.627441	 309.665741
416.393280	 308.900696	 305.662048	 405.794373	 385.470764	 301.112305	 387.403687	 364.201538	 324.406647	 389.829468	 324.049591	 325.914001	 385.651581	 343.854645	 312.844269
417.044434	 309.119965	 308.209625	 406.453796	 385.695282	 303.855469	 388.107361	 364.385986	 327.131683	 390.518860	 324.229950	 328.550690	 386.327728	 344.065765	 315.533356
417.580780	 309.326813	 310.268951	 406.991577	 385.904144	 306.126770	 388.681183	 364.546539	 329.349274	 391.080383	 324.384094	 330.674194	 386.879211	 344.254974	 317.712372
418.000885	 309.524750	 311.817322	 407.407745	 386.108307	 307.878448	 389.116150	 364.694031	 331.050690	 391.514038	 324.526672	 332.270935	 387.305389	 344.432983	 319.356598
418.300812	 309.726532	 312.843018	 407.707672	 386.317352	 309.079193	 389.421844	 364.848145	 332.211212	 391.821899	 324.677307	 333.332703	 387.609070	 344.614471	 320.468506
418.486206	 309.917816	 313.317688	 407.909241	 386.516510	 309.709320	 389.617554	 365.002777	 332.805756	 392.013275	 324.829041	 333.840668	 387.804504	 344.794098	 321.017731
418.571289	 310.079193	 313.211945	 408.020691	 386.682068	 309.757660	 389.716187	 365.128204	 332.829041	 392.100159	 324.951416	 333.783295	 387.899597	 344.943909	 320.997406
418.565430	 310.176025	 312.535339	 408.053131	 386.787811	 309.254456	 389.736084	 365.184662	 332.285645	 392.109406	 325.005951	 333.140381	 387.909912	 345.032684	 320.406677
418.478943	 310.198517	 311.292023	 408.011200	 386.818542	 308.213501	 389.677338	 365.152557	 331.182129	 392.033295	 324.971558	 331.923065	 387.847290	 345.036896	 319.241547
418.310760	 310.159668	 309.481445	 407.874420	 386.780579	 306.629364	 389.506805	 365.045197	 329.513306	 391.844330	 324.861267	 330.128387	 387.681885	 344.965454	 317.504486
418.030670	 310.058868	 307.117340	 407.630035	 386.683411	 304.486267	 389.195160	 364.874542	 327.255859	 391.524872	 324.689301	 327.735016	 387.395935	 344.838318	 315.171570
417.629639	 309.902222	 304.202545	 407.265228	 386.526428	 301.787354	 388.722534	 364.642731	 324.412109	 391.053619	 324.455109	 324.752197	 386.972198	 344.649414	 312.246338
417.109344	 309.696442	 300.758423	 406.766052	 386.321442	 298.555054	 388.080872	 364.362732	 320.991180	 390.415558	 324.173370	 321.193573	 386.401154	 344.406342	 308.746887
416.468140	 309.463715	 296.831970	 406.144135	 386.086395	 294.790771	 387.282196	 364.063293	 317.006500	 389.613251	 323.872162	 317.097382	 385.693176	 344.140259	 304.688446
415.723663	 309.229645	 292.447235	 405.413940	 385.844666	 290.522827	 386.343811	 363.768005	 312.485199	 388.678833	 323.578613	 312.487732	 384.864594	 343.878387	 300.097473
414.897797	 309.020599	 287.641449	 404.590057	 385.623138	 285.772369	 385.286530	 363.503174	 307.468018	 387.633270	 323.315887	 307.413116	 383.940796	 343.637451	 295.030182
414.010590	 308.855957	 282.458344	 403.689484	 385.437714	 280.573792	 384.143311	 363.291931	 302.000183	 386.504700	 323.104095	 301.931610	 382.945190	 343.438416	 289.527924
413.074921	 308.737823	 276.939972	 402.736115	 385.302338	 274.968201	 382.944977	 363.158813	 296.115326	 385.318146	 322.972382	 296.075989	 381.895081	 343.304810	 283.633270
412.087555	 308.680817	 271.109985	 401.737335	 385.226990	 268.981293	 381.691620	 363.110016	 289.860443	 384.076752	 322.924866	 289.880249	 380.806702	 343.243286	 277.379150
411.057861	 308.676941	 264.978760	 400.691589	 385.202179	 262.654266	 380.382996	 363.118256	 283.272919	 382.792725	 322.937469	 283.375000	 379.666687	 343.231567	 270.812927
409.991516	 308.718597	 258.569794	 399.620758	 385.232819	 256.026917	 379.039124	 363.181366	 276.393494	 381.470978	 323.003265	 276.587585	 378.488068	 343.268066	 263.959686
408.883148	 308.812134	 251.903717	 398.535217	 385.318481	 249.154877	 377.671204	 363.300232	 269.257355	 380.117828	 323.123749	 269.533264	 377.288361	 343.368134	 256.839386
407.753693	 308.959625	 244.996658	 397.452698	 385.464081	 242.068115	 376.301147	 363.474487	 261.895416	 378.738647	 323.299988	 262.259552	 376.074066	 343.530579	 249.505020
406.611633	 309.181274	 237.879486	 396.405182	 385.693359	 234.804825	 374.955231	 363.730408	 254.352386	 377.359192	 323.555359	 254.780579	 374.867889	 343.774811	 241.990845
405.466339	 309.483124	 230.606232	 395.423737	 386.007568	 227.429596	 373.672668	 364.083710	 246.689255	 376.006195	 323.906708	 247.158356	 373.705963	 344.126404	 234.334152
404.343475	 309.848236	 223.230423	 394.535431	 386.398895	 219.969193	 372.477814	 364.523102	 238.956131	 374.700012	 324.340668	 239.434937	 372.610382	 344.571167	 226.585342
403.262817	 310.267639	 215.751007	 393.740997	 386.844604	 212.487595	 371.360291	 365.017273	 231.180267	 373.452209	 324.824005	 231.623093	 371.579895	 345.076691	 218.775452
402.231110	 310.702789	 208.230835	 393.016357	 387.302460	 205.025208	 370.314728	 365.508972	 223.392899	 372.270813	 325.312195	 223.743195	 370.618561	 345.601288	 210.933655
401.278107	 311.143524	 200.705856	 392.354492	 387.762024	 197.587296	 369.338684	 365.990265	 215.624710	 371.165985	 325.794403	 215.850418	 369.736542	 346.124603	 203.092896
400.423401	 311.610840	 193.242249	 391.774567	 388.244629	 190.203506	 368.453156	 366.492096	 207.902390	 370.156738	 326.293640	 208.023483	 368.946594	 346.667175	 195.314499
399.677795	 312.123199	 185.923645	 391.299103	 388.774475	 182.902344	 367.691803	 367.060242	 200.269608	 369.274689	 326.855225	 200.332901	 368.280823	 347.260193	 187.652069
399.053009	 312.721344	 178.774155	 390.953461	 389.386505	 175.687134	 367.077240	 367.752930	 192.749023	 368.523163	 327.536987	 192.831482	 367.743073	 347.946564	 180.146805
398.537659	 313.402893	 171.830765	 390.736450	 390.069183	 168.579239	 366.602997	 368.559052	 185.391037	 367.896393	 328.334320	 185.548660	 367.326080	 348.723755	 172.828476
398.125092	 314.115753	 165.120819	 390.621979	 390.785614	 161.630035	 366.245728	 369.410156	 178.228973	 367.390015	 329.177521	 178.488129	 367.026184	 349.535797	 165.722641
397.808258	 314.839966	 158.642731	 390.597351	 391.507660	 154.893799	 365.987457	 370.258575	 171.296402	 366.991669	 330.025726	 171.672073	 366.820587	 350.349487	 158.854294
397.584076	 315.564545	 152.432007	 390.659637	 392.223114	 148.384247	 365.830261	 371.099884	 164.632736	 366.695892	 330.870331	 165.133636	 366.710266	 351.158020	 152.252640
397.443329	 316.270203	 146.517242	 390.794891	 392.926666	 142.114944	 365.760712	 371.936768	 158.253784	 366.493195	 331.706757	 158.895813	 366.680786	 351.947052	 145.938995
397.386902	 316.949158	 140.907837	 390.998291	 393.594788	 136.145294	 365.778442	 372.751007	 152.168320	 366.385132	 332.520660	 152.992584	 366.727234	 352.705414	 139.951172
397.426117	 317.578461	 135.633362	 391.285034	 394.212616	 130.490723	 365.901031	 373.519409	 146.434616	 366.383301	 333.292542	 147.447571	 366.869995	 353.416870	 134.317566
397.553619	 318.134857	 130.712524	 391.646576	 394.771912	 125.209641	 366.121735	 374.225800	 141.100082	 366.480560	 334.001404	 142.299347	 367.092346	 354.061584	 129.081085
397.757507	 318.611572	 126.119270	 392.062225	 395.248505	 120.334946	 366.419250	 374.832916	 136.183441	 366.659821	 334.611938	 137.543411	 367.381134	 354.624054	 124.248245
398.004120	 318.989685	 121.850914	 392.496338	 395.628143	 115.869591	 366.751221	 375.312469	 131.685226	 366.899048	 335.097107	 133.127594	 367.708710	 355.074493	 119.796555
398.282684	 319.263306	 117.885559	 392.921234	 395.907074	 111.806000	 367.096405	 375.653137	 127.566864	 367.172028	 335.439117	 129.043106	 368.050507	 355.400330	 115.698868
398.596039	 319.438507	 114.211700	 393.345673	 396.087250	 108.133957	 367.469849	 375.860718	 123.820671	 367.484436	 335.646545	 125.289818	 368.422089	 355.612701	 111.950676
398.961914	 319.536224	 110.852768	 393.787445	 396.190460	 104.832886	 367.883667	 375.969604	 120.473251	 367.865082	 335.755402	 121.895744	 368.820648	 355.729736	 108.593010
399.381042	 319.578735	 107.814301	 394.266602	 396.251648	 101.874573	 368.356506	 376.020721	 117.527260	 368.314484	 335.808075	 118.890327	 369.264954	 355.793182	 105.616417
399.838776	 319.578552	 105.046745	 394.790100	 396.270599	 99.228264	 368.895233	 376.029907	 114.939255	 368.815430	 335.819092	 116.252563	 369.758972	 355.823730	 102.982010
400.302002	 319.517303	 102.529549	 395.318878	 396.231598	 96.852501	 369.456238	 375.984894	 112.644585	 369.343872	 335.766815	 113.897156	 370.255615	 355.796753	 100.652969
400.745209	 319.386292	 100.231766	 395.804108	 396.122864	 94.730888	 369.992523	 375.853851	 110.591919	 369.855377	 335.628326	 111.764030	 370.723572	 355.691406	 98.565819
401.161987	 319.192169	 98.138260	 396.244598	 395.950134	 92.827393	 370.474945	 375.634644	 108.760910	 370.330261	 335.407623	 109.834816	 371.151886	 355.505859	 96.679306
401.555878	 318.964172	 96.246811	 396.656097	 395.742249	 91.100960	 370.930511	 375.389801	 107.105499	 370.783783	 335.161133	 108.082138	 371.555908	 355.284607	 94.969666
401.934692	 318.737152	 94.558174	 397.067383	 395.531494	 89.522102	 371.386688	 375.164459	 105.595833	 371.222626	 334.936462	 106.522224	 371.955658	 355.076874	 93.432877
402.308716	 318.522430	 93.080238	 397.484344	 395.327332	 88.058357	 371.837952	 374.968567	 104.233017	 371.649445	 334.742096	 105.166122	 372.349274	 354.883484	 92.074738
402.673462	 318.314056	 91.793243	 397.894287	 395.132538	 86.722221	 372.283173	 374.804535	 103.009544	 372.066376	 334.576538	 103.983215	 372.736969	 354.704376	 90.863525
403.008484	 318.109467	 90.669907	 398.289703	 394.937531	 85.495567	 372.705933	 374.659454	 101.895302	 372.455841	 334.433289	 102.934509	 373.109070	 354.539948	 89.776749
403.307709	 317.901825	 89.643623	 398.645355	 394.736176	 84.358444	 373.074402	 374.514435	 100.873482	 372.790863	 334.293518	 101.978844	 373.433868	 354.374420	 88.792984
403.556610	 317.686493	 88.703423	 398.943573	 394.522003	 83.308922	 373.383331	 374.347839	 99.929893	 373.067657	 334.129547	 101.098534	 373.704193	 354.190063	 87.871231
403.763489	 317.452637	 87.860802	 399.178925	 394.282593	 82.360207	 373.639557	 374.148743	 99.060562	 373.306580	 333.929901	 100.274063	 373.923950	 353.972229	 87.026497
403.945343	 317.200287	 87.112335	 399.357300	 394.030334	 81.522697	 373.846222	 373.922150	 98.271187	 373.511658	 333.703552	 99.536026	 374.113007	 353.730591	 86.270187
404.114166	 316.948822	 86.449295	 399.496948	 393.775482	 80.773735	 374.024506	 373.685089	 97.571495	 373.691498	 333.468170	 98.908989	 374.276367	 353.479736	 85.601555
404.274902	 316.696716	 85.852097	 399.621674	 393.516296	 80.081856	 374.191010	 373.443726	 96.971535	 373.870789	 333.225891	 98.353195	 374.421295	 353.219604	 85.019302
404.427948	 316.433289	 85.305252	 399.728790	 393.248047	 79.431984	 374.342468	 373.181213	 96.424171	 374.049438	 332.964752	 97.857468	 374.554718	 352.938385	 84.504517
404.581177	 316.146637	 84.782494	 399.832275	 392.956116	 78.826729	 374.494141	 372.894470	 95.900513	 374.226563	 332.683197	 97.402962	 374.688538	 352.636658	 84.013290
404.743164	 315.840118	 84.297470	 399.957489	 392.649963	 78.271393	 374.669220	 372.597687	 95.436378	 374.414825	 332.388214	 96.989029	 374.834015	 352.326965	 83.569344
404.913330	 315.522308	 83.847031	 400.108337	 392.332703	 77.766365	 374.867310	 372.291718	 95.037079	 374.620087	 332.080841	 96.616722	 374.997681	 352.010925	 83.189613
405.088959	 315.175903	 83.410820	 400.272308	 391.985596	 77.310791	 375.081635	 371.950958	 94.668976	 374.838562	 331.741211	 96.259727	 375.177948	 351.668243	 82.826485
405.267242	 314.799896	 82.957535	 400.442017	 391.617615	 76.873375	 375.299774	 371.575043	 94.303665	 375.059265	 331.365356	 95.896652	 375.363190	 351.292419	 82.454643
405.436829	 314.410126	 82.476784	 400.603729	 391.227509	 76.425995	 375.501648	 371.171570	 93.926033	 375.265137	 330.964203	 95.507530	 375.535553	 350.894226	 82.063881
405.588867	 313.993469	 81.970901	 400.749725	 390.813232	 75.955177	 375.678833	 370.741302	 93.504333	 375.449615	 330.534729	 95.065964	 375.691437	 350.472595	 81.628647
405.722443	 313.556213	 81.416351	 400.874237	 390.386017	 75.455734	 375.827057	 370.294006	 93.031502	 375.603485	 330.082825	 94.565430	 375.825409	 350.032776	 81.150566
405.828156	 313.112061	 80.821350	 400.983521	 389.945801	 74.924583	 375.944763	 369.835510	 92.518379	 375.727600	 329.624725	 94.018661	 375.934845	 349.584320	 80.620277
405.918671	 312.671204	 80.209541	 401.086304	 389.512512	 74.366226	 376.043549	 369.390594	 91.965874	 375.828430	 329.177612	 93.425957	 376.024017	 349.144653	 80.050613
405.990265	 312.261139	 79.600685	 401.183289	 389.109955	 73.791084	 376.129822	 368.988556	 91.385971	 375.906830	 328.773743	 92.817261	 376.104156	 348.749573	 79.458328
406.051453	 311.901367	 79.006500	 401.295502	 388.753876	 73.209190	 376.225891	 368.648346	 90.789635	 375.977264	 328.435120	 92.215065	 376.192200	 348.411865	 78.850090
406.111023	 311.592743	 78.446411	 401.425934	 388.452118	 72.612434	 376.335083	 368.378937	 90.184898	 376.041321	 328.163605	 91.641373	 376.285309	 348.133728	 78.259605
406.164642	 311.336304	 77.900429	 401.556915	 388.196625	 72.009186	 376.440613	 368.164642	 89.583344	 376.104736	 327.948639	 91.067513	 376.370636	 347.908417	 77.683220
406.221436	 311.106659	 77.344337	 401.686920	 387.961304	 71.411865	 376.547424	 367.967682	 88.984955	 376.170105	 327.752716	 90.486488	 376.462158	 347.706055	 77.096565
406.278137	 310.885437	 76.798424	 401.807831	 387.739410	 70.821167	 376.647980	 367.772522	 88.400070	 376.238037	 327.563171	 89.911934	 376.548065	 347.507813	 76.515518
406.340240	 310.671204	 76.266663	 401.931976	 387.524292	 70.256081	 376.753998	 367.580078	 87.842354	 376.317932	 327.374969	 89.349525	 376.642151	 347.314087	 75.954903
406.434174	 310.463898	 75.736580	 402.069855	 387.317169	 69.738144	 376.889252	 367.389862	 87.314270	 376.419250	 327.182770	 88.832382	 376.761444	 347.124817	 75.426483
406.556030	 310.267151	 75.221992	 402.222595	 387.121948	 69.266510	 377.048370	 367.203735	 86.846916	 376.558807	 326.990662	 88.351128	 376.895599	 346.939606	 74.959839
406.703613	 310.047119	 74.716393	 402.381958	 386.903259	 68.863686	 377.236633	 366.961731	 86.468918	 376.736267	 326.747253	 87.914345	 377.055756	 346.719635	 74.550819
406.882996	 309.742371	 74.197365	 402.522552	 386.598267	 68.661110	 377.434113	 366.582825	 86.236107	 376.943207	 326.365784	 87.521660	 377.228180	 346.396790	 74.235802
407.084320	 309.454102	 73.743546	 402.700897	 386.304504	 68.533249	 377.662354	 366.231171	 86.094063	 377.188751	 326.015808	 87.196770	 377.433411	 346.103119	 74.008301
407.354095	 309.297119	 73.591835	 403.029236	 386.182495	 68.502975	 378.011688	 366.080170	 86.139587	 377.521454	 325.862518	 87.198456	 377.730530	 345.966064	 74.023804
407.669220	 309.197449	 73.676338	 403.370483	 386.126465	 68.562889	 378.386017	 366.021606	 86.316513	 377.874847	 325.792023	 87.409225	 378.051300	 345.889618	 74.218758
407.899902	 309.149872	 73.708344	 403.582031	 386.074188	 68.604088	 378.631470	 365.971039	 86.419983	 378.132874	 325.744019	 87.484451	 378.272278	 345.841309	 74.305382
408.078491	 309.123749	 73.756699	 403.718445	 386.050781	 68.648560	 378.798187	 365.939331	 86.494354	 378.311768	 325.716278	 87.553772	 378.431793	 345.812134	 74.372292
408.213135	 309.108765	 73.805992	 403.790985	 386.035095	 68.672592	 378.912048	 365.925903	 86.540543	 378.433136	 325.705688	 87.611130	 378.538452	 345.799377	 74.423363
408.309601	 309.094940	 73.823547	 403.765350	 386.016388	 68.681458	 378.926666	 365.906952	 86.531288	 378.478088	 325.688416	 87.602524	 378.562927	 345.780487	 74.421349
408.390900	 309.074432	 73.830421	 403.650269	 385.991730	 68.688408	 378.853333	 365.856079	 86.477440	 378.467773	 325.634613	 87.556168	 378.540131	 345.729462	 74.358833
408.505737	 309.041870	 73.941071	 403.453278	 385.961334	 68.674522	 378.699707	 365.775116	 86.370026	 378.412140	 325.550354	 87.450111	 378.464966	 345.644440	 74.249275
408.684265	 308.984772	 74.211418	 403.177460	 385.916992	 68.643646	 378.462921	 365.655518	 86.203255	 378.309937	 325.431244	 87.288101	 378.334442	 345.526367	 74.092140
408.923096	 308.902008	 74.639572	 402.887878	 385.873993	 68.625053	 378.241028	 365.541779	 86.053963	 378.229218	 325.313904	 87.145248	 378.225464	 345.414459	 73.950096
409.253479	 308.818085	 75.226738	 402.709503	 385.893616	 68.644836	 378.137939	 365.508331	 86.015480	 378.234039	 325.277924	 87.099007	 378.191223	 345.380493	 73.907570
409.634583	 308.689362	 75.813446	 402.588806	 385.977112	 68.657082	 378.072144	 365.532440	 86.015137	 378.260590	 325.303802	 87.096672	 378.185974	 345.405182	 73.898857
410.115753	 308.449738	 76.482307	 402.429718	 386.080688	 68.669060	 377.976715	 365.566254	 85.996452	 378.260010	 325.339966	 87.076279	 378.158142	 345.436951	 73.874428
410.717804	 308.126526	 77.238579	 402.248260	 386.203339	 68.693085	 377.882965	 365.607513	 85.984543	 378.264221	 325.383575	 87.059799	 378.128601	 345.477722	 73.860298
411.448944	 307.736572	 78.044655	 402.103821	 386.330109	 68.661057	 377.855347	 365.658630	 85.974609	 378.312195	 325.435394	 87.055305	 378.142731	 345.530243	 73.850304
412.331787	 307.235565	 78.979691	 402.024414	 386.413940	 68.547577	 377.958374	 365.703766	 85.983528	 378.445862	 325.479004	 87.062599	 378.243774	 345.574982	 73.864731
413.361420	 306.597992	 80.082375	 402.040558	 386.468018	 68.427139	 378.167999	 365.710693	 86.006226	 378.656372	 325.485779	 87.078018	 378.421631	 345.585175	 73.891930
414.500793	 305.831635	 81.254501	 402.304993	 386.854675	 68.670174	 378.317108	 365.700226	 86.017372	 378.807556	 325.475250	 87.089394	 378.551392	 345.574432	 73.907784
415.738281	 304.949738	 82.577919	 403.215607	 388.415192	 70.458138	 378.308044	 365.699677	 86.010056	 378.801117	 325.475098	 87.079643	 378.544586	 345.572205	 73.895332
417.067871	 303.911743	 84.165878	 404.964447	 391.379028	 72.800964	 378.293549	 365.695618	 86.004021	 378.781647	 325.471008	 87.077126	 378.526703	 345.570740	 73.893753
418.498230	 302.745911	 85.986984	 406.792450	 394.274750	 74.740959	 378.304199	 365.693665	 86.008713	 378.791779	 325.466431	 87.083481	 378.542206	 345.567505	 73.900398
420.017426	 301.735260	 88.072006	 408.140198	 396.274109	 76.836586	 378.299744	 365.694092	 86.013016	 378.786743	 325.467407	 87.081284	 378.534454	 345.567810	 73.899475
421.623718	 301.037079	 90.569031	 409.181366	 397.847473	 79.297409	 378.301514	 365.690765	 86.014671	 378.792023	 325.465668	 87.078918	 378.538055	 345.566803	 73.895943
423.290344	 300.747650	 93.581665	 410.139923	 399.260773	 82.226776	 378.301544	 365.692322	 86.012772	 378.789948	 325.466339	 87.080788	 378.538055	 345.566772	 73.892776
425.048767	 301.004395	 97.142303	 411.120819	 400.490753	 85.635361	 378.304230	 365.694092	 86.007393	 378.789032	 325.468811	 87.081314	 378.539520	 345.568848	 73.893242
426.915863	 301.830688	 101.171867	 412.169983	 401.557587	 89.394760	 378.307831	 365.693024	 86.004707	 378.792236	 325.466370	 87.079269	 378.539825	 345.566650	 73.897964
428.891693	 303.012238	 105.416542	 413.381714	 402.557220	 93.422333	 378.307861	 365.696625	 86.003998	 378.793365	 325.468781	 87.078827	 378.539520	 345.568481	 73.899590
430.947723	 304.261139	 109.544304	 414.839508	 403.558746	 97.692604	 378.307709	 365.695862	 86.004433	 378.795624	 325.470734	 87.076324	 378.540741	 345.569214	 73.894424
433.086365	 305.599121	 113.511215	 416.494843	 404.528015	 102.304878	 378.308380	 365.693268	 86.005493	 378.798370	 325.469696	 87.075722	 378.544800	 345.568604	 73.890434
435.360474	 307.046448	 117.475098	 418.250000	 405.355164	 107.327492	 378.309662	 365.695465	 86.005783	 378.798096	 325.471802	 87.074928	 378.546814	 345.570740	 73.891060
437.819275	 308.523346	 121.406029	 420.065887	 405.957703	 112.631844	 378.317169	 365.694397	 86.003830	 378.803314	 325.468445	 87.075348	 378.550476	 345.567871	 73.894379
440.541290	 309.996094	 125.429703	 421.891418	 406.282990	 118.065842	 378.321686	 365.693848	 86.003609	 378.808350	 325.467255	 87.077095	 378.554962	 345.567902	 73.892662
443.633362	 311.398285	 129.644394	 423.670654	 406.250397	 123.463402	 378.323395	 365.695129	 86.011040	 378.815521	 325.470184	 87.070580	 378.562988	 345.571472	 73.887436
447.142700	 312.720825	 134.012482	 425.412506	 405.842682	 128.642563	 378.328156	 365.693726	 86.009743	 378.821838	 325.467865	 87.068405	 378.569275	 345.568939	 73.887512
451.016022	 314.009277	 138.424454	 427.194611	 405.139587	 133.459549	 378.334473	 365.697083	 86.002556	 378.822205	 325.469696	 87.070351	 378.568359	 345.569458	 73.891052
455.200256	 315.324432	 142.731384	 429.168243	 404.246704	 137.834900	 378.336273	 365.696777	 86.003067	 378.827301	 325.472504	 87.065697	 378.569305	 345.573181	 73.895233
459.653015	 316.743591	 146.818817	 431.446106	 403.222290	 141.802353	 378.334137	 365.694489	 86.009026	 378.828613	 325.470245	 87.065125	 378.573944	 345.571869	 73.893829
464.346466	 318.311249	 150.631836	 434.052185	 401.994507	 145.472672	 378.336731	 365.697662	 86.008095	 378.826843	 325.472565	 87.069489	 378.571442	 345.572388	 73.894341
469.299255	 319.987579	 154.147369	 437.000519	 400.483612	 148.894318	 378.339447	 365.697784	 86.002281	 378.830109	 325.471405	 87.065903	 378.574677	 345.570953	 73.891823
474.525513	 321.706421	 157.337585	 440.333252	 398.731506	 152.043243	 378.335541	 365.694641	 86.002762	 378.827209	 325.468567	 87.062057	 378.575775	 345.567871	 73.889908
480.079376	 323.445526	 160.227158	 444.090912	 396.775574	 154.926712	 378.331451	 365.693848	 86.008415	 378.823364	 325.470062	 87.067947	 378.569641	 345.570160	 73.891251
486.017700	 325.230957	 162.894348	 448.336121	 394.738617	 157.593399	 378.331329	 365.692383	 86.007607	 378.822174	 325.467804	 87.070282	 378.569855	 345.569031	 73.891266
492.295959	 327.094452	 165.340088	 453.119110	 392.815765	 160.070892	 378.328430	 365.692169	 86.006119	 378.819519	 325.468628	 87.069420	 378.566406	 345.567841	 73.893768
498.859528	 329.029114	 167.452957	 458.445007	 391.053162	 162.333191	 378.325500	 365.692902	 86.005371	 378.818146	 325.471405	 87.069611	 378.565948	 345.570953	 73.887985
505.686615	 331.021088	 169.174805	 464.298950	 389.425812	 164.320450	 378.328613	 365.693817	 85.999947	 378.817535	 325.470398	 87.071732	 378.563995	 345.569519	 73.889412
512.759094	 333.074432	 170.497330	 470.661072	 387.968781	 165.952789	 378.329559	 365.696960	 85.999283	 378.816254	 325.471710	 87.074020	 378.565308	 345.571381	 73.889259
520.079041	 335.178864	 171.429520	 477.505219	 386.754791	 167.200378	 378.327454	 365.696686	 86.002548	 378.817719	 325.471771	 87.066704	 378.563354	 345.571655	 73.888924
527.659546	 337.307037	 172.022095	 484.777313	 385.821686	 168.141785	 378.326263	 365.696198	 86.003799	 378.815979	 325.468933	 87.064659	 378.561066	 345.569153	 73.891365
535.503784	 339.407532	 172.304535	 492.403687	 385.127319	 168.893539	 378.326202	 365.698639	 85.999733	 378.812592	 325.469604	 87.070122	 378.561798	 345.571777	 73.890656
543.584473	 341.379944	 172.277542	 500.315704	 384.550293	 169.464157	 378.326324	 365.696991	 86.002991	 378.813446	 325.469269	 87.074074	 378.563324	 345.572601	 73.885460
551.884705	 343.222748	 171.928864	 508.457092	 383.931702	 169.772430	 378.326080	 365.693787	 86.007500	 378.815582	 325.469086	 87.074623	 378.565094	 345.568512	 73.884644
560.371826	 344.985992	 171.333084	 516.797485	 383.186279	 169.669708	 378.325470	 365.694092	 86.003815	 378.812897	 325.470093	 87.074379	 378.563141	 345.568542	 73.893204
569.063232	 346.687531	 170.583466	 525.279175	 382.409180	 169.066956	 378.325867	 365.691925	 86.004318	 378.815094	 325.468323	 87.071030	 378.562225	 345.568207	 73.894875
577.941528	 348.343536	 169.648376	 533.829956	 381.826630	 167.963715	 378.327148	 365.694611	 86.004593	 378.819183	 325.470306	 87.067322	 378.563843	 345.569214	 73.892891
586.887451	 349.986359	 168.404266	 542.391663	 381.618713	 166.375931	 378.325592	 365.697205	 86.006111	 378.818054	 325.472748	 87.067833	 378.565613	 345.573578	 73.888397
595.790161	 351.684570	 166.755737	 550.938904	 381.817657	 164.367279	 378.323456	 365.694977	 86.006256	 378.815674	 325.470215	 87.072632	 378.563446	 345.571991	 73.886475
604.552490	 353.510986	 164.731705	 559.471558	 382.302704	 162.042404	 378.325592	 365.698120	 85.999496	 378.812866	 325.472504	 87.075264	 378.560638	 345.574158	 73.889381
613.142883	 355.461243	 162.373260	 567.985779	 382.891998	 159.492004	 378.327576	 365.698212	 86.003708	 378.814117	 325.473297	 87.075981	 378.564850	 345.576263	 73.886009
621.556885	 357.462921	 159.660706	 576.466675	 383.479156	 156.692322	 378.330109	 365.696625	 86.006142	 378.821136	 325.472351	 87.074883	 378.568695	 345.572998	 73.890213
629.760498	 359.453156	 156.543304	 584.866211	 384.066193	 153.527954	 378.333496	 365.698914	 86.005669	 378.825531	 325.474731	 87.070496	 378.568237	 345.572723	 73.897697
637.747437	 361.391602	 152.992249	 593.153198	 384.683411	 149.889435	 378.338959	 365.697845	 86.006615	 378.827606	 325.473175	 87.072998	 378.570190	 345.570801	 73.898064
645.508545	 363.270508	 148.963272	 601.328674	 385.322937	 145.733826	 378.343231	 365.698761	 86.001579	 378.831940	 325.474152	 87.074791	 378.576263	 345.572571	 73.893761
653.046692	 365.082642	 144.452972	 609.416199	 385.934357	 141.087875	 378.343567	 365.699768	 86.004745	 378.832581	 325.476379	 87.075951	 378.581909	 345.576324	 73.893250
660.371033	 366.829559	 139.575958	 617.398682	 386.568604	 135.938492	 378.346741	 365.699036	 86.006279	 378.833313	 325.473541	 87.079361	 378.583923	 345.573151	 73.895309
667.449707	 368.560486	 134.449951	 625.193420	 387.320221	 130.366867	 378.346161	 365.701874	 86.003296	 378.834351	 325.475769	 87.077919	 378.581390	 345.574951	 73.899666
674.216492	 370.308441	 129.084518	 632.750061	 388.207825	 124.512375	 378.346802	 365.701660	 86.005608	 378.834717	 325.478302	 87.077003	 378.580444	 345.576233	 73.902527
680.627258	 372.086792	 123.413063	 640.061707	 389.220398	 118.447662	 378.349182	 365.701874	 86.003586	 378.836700	 325.477264	 87.075829	 378.582794	 345.574280	 73.903137
686.678894	 373.907379	 117.473251	 647.090942	 390.304871	 112.263870	 378.347900	 365.704773	 86.001266	 378.834412	 325.478271	 87.078682	 378.580780	 345.577362	 73.898628
692.422607	 375.744293	 111.279892	 653.835693	 391.417542	 105.974548	 378.344757	 365.702606	 86.001007	 378.831360	 325.476288	 87.078087	 378.580017	 345.577850	 73.891449
697.886353	 377.529053	 104.857857	 660.291443	 392.594696	 99.507927	 378.339722	 365.702423	 86.001686	 378.828125	 325.475739	 87.074913	 378.577179	 345.575012	 73.891441
703.096436	 379.235077	 98.225433	 666.413452	 393.895752	 92.812630	 378.337860	 365.703247	 86.001823	 378.826782	 325.478363	 87.075188	 378.574799	 345.576965	 73.890976
708.060303	 380.870361	 91.431732	 672.204895	 395.335510	 85.958061	 378.338470	 365.700256	 86.003853	 378.826385	 325.476532	 87.077736	 378.576508	 345.577240	 73.890770
712.781799	 382.466980	 84.536011	 677.701355	 396.861908	 79.083908	 378.338013	 365.703674	 86.005348	 378.825928	 325.478516	 87.077774	 378.577515	 345.577423	 73.889641
717.237000	 384.066498	 77.706963	 682.929321	 398.431335	 72.293808	 378.340363	 365.705933	 86.000961	 378.827057	 325.480225	 87.078293	 378.576416	 345.579529	 73.889580
721.375977	 385.704834	 71.170189	 687.868347	 399.996674	 65.748390	 378.338593	 365.702515	 86.005836	 378.828125	 325.478088	 87.076675	 378.576416	 345.580383	 73.888466
725.181335	 387.416473	 64.978607	 692.494324	 401.541168	 59.508686	 378.335724	 365.704346	 86.008698	 378.826935	 325.480133	 87.072449	 378.576813	 345.580261	 73.891243
728.640198	 389.192993	 59.031372	 696.782593	 403.092743	 53.548706	 378.336060	 365.704163	 86.002975	 378.827332	 325.477966	 87.075623	 378.577332	 345.578613	 73.894989
731.733948	 390.966705	 53.267822	 700.676392	 404.668915	 47.859035	 378.338867	 365.704712	 86.001183	 378.827515	 325.476990	 87.081718	 378.576233	 345.577179	 73.892578
734.543762	 392.668030	 47.641182	 704.169800	 406.290894	 42.358288	 378.342529	 365.705750	 86.000526	 378.828918	 325.479279	 87.078285	 378.576965	 345.577423	 73.888802
737.152710	 394.208527	 42.160786	 707.337219	 407.907379	 36.962875	 378.343964	 365.701477	 86.001892	 378.833008	 325.478119	 87.074280	 378.580322	 345.576874	 73.890305
739.585632	 395.584137	 36.858780	 710.301575	 409.398956	 31.705921	 378.342499	 365.702301	 86.002983	 378.834503	 325.478790	 87.069893	 378.580383	 345.577789	 73.887833
741.823914	 396.890015	 31.830772	 713.117493	 410.688293	 26.712185	 378.340057	 365.705017	 85.999550	 378.832855	 325.478424	 87.070793	 378.576447	 345.578949	 73.885735
743.842285	 398.182556	 27.205620	 715.742859	 411.887177	 22.102610	 378.339325	 365.704681	 86.002235	 378.833282	 325.478271	 87.069046	 378.575928	 345.577393	 73.888718
745.646606	 399.459900	 23.061853	 718.114197	 413.136292	 17.969629	 378.340698	 365.705963	 86.001282	 378.832336	 325.481720	 87.069504	 378.580933	 345.582123	 73.888428
747.265564	 400.705536	 19.449333	 720.233276	 414.402130	 14.355440	 378.340607	 365.706451	 86.002541	 378.831787	 325.483215	 87.073341	 378.578857	 345.581940	 73.891823
748.695129	 401.897736	 16.359795	 722.210571	 415.560638	 11.190260	 378.337402	 365.705353	 86.006081	 378.830933	 325.480927	 87.072876	 378.575958	 345.578430	 73.891853
749.916504	 403.052795	 13.680061	 724.098022	 416.555298	 8.343410	 378.333954	 365.707123	 86.009636	 378.827026	 325.480225	 87.075523	 378.575073	 345.580444	 73.889580
750.939209	 404.174255	 11.194834	 725.876038	 417.406403	 5.635820	 378.336121	 365.705750	 86.008224	 378.828003	 325.479523	 87.075424	 378.574127	 345.579651	 73.897743
751.785522	 405.208466	 8.762635	 727.507935	 418.164673	 2.927647	 378.339203	 365.704437	 86.004402	 378.831207	 325.479095	 87.073967	 378.574951	 345.578949	 73.897285
752.476685	 406.079681	 6.367340	 728.927429	 418.813873	 0.211540	 378.341095	 365.705444	 86.004578	 378.831451	 325.481049	 87.071632	 378.576935	 345.580719	 73.893906
753.053711	 406.756012	 3.948837	 730.101501	 419.331482	 -2.480462	 378.342499	 365.704376	 86.002625	 378.832001	 325.479980	 87.073204	 378.580109	 345.578827	 73.896973
753.517822	 407.263031	 1.531180	 730.993530	 419.756531	 -5.064656	 378.342102	 365.706360	 86.002617	 378.833221	 325.480164	 87.075310	 378.581390	 345.580292	 73.892296
753.891968	 407.610016	 -0.622608	 731.469177	 419.969604	 -6.641586	 378.342255	 365.706818	 86.005188	 378.833588	 325.481476	 87.076057	 378.579193	 345.581848	 73.894142
754.202393	 407.808624	 -1.580588	 731.537903	 419.850830	 -6.734341	 378.345062	 365.705536	 86.001709	 378.832489	 325.478516	 87.074364	 378.580933	 345.578949	 73.892090
754.436768	 408.024750	 -1.341354	 731.684387	 420.095245	 -6.379973	 378.347717	 365.707794	 85.997253	 378.833984	 325.480896	 87.070274	 378.582977	 345.581390	 73.886719
754.568848	 408.427002	 -1.309164	 732.026978	 420.743622	 -6.217187	 378.347809	 365.707031	 85.999603	 378.839233	 325.481079	 87.065979	 378.585693	 345.583160	 73.886978
754.620605	 408.814575	 -1.337861	 732.326538	 421.392578	 -6.122014	 378.350159	 365.706116	 85.997383	 378.838806	 325.478943	 87.069855	 378.586151	 345.580322	 73.890083
754.677795	 408.991364	 -1.337811	 732.588440	 421.871857	 -6.050662	 378.348816	 365.707397	 85.997910	 378.836243	 325.480164	 87.071411	 378.585327	 345.582092	 73.887108
754.711304	 409.043274	 -1.371027	 732.793457	 422.092010	 -5.982126	 378.345520	 365.704315	 86.001434	 378.837585	 325.477997	 87.067490	 378.583405	 345.578949	 73.887070
754.690918	 408.954254	 -1.442073	 732.908569	 422.127594	 -5.912600	 378.346344	 365.704346	 86.001076	 378.836609	 325.478394	 87.073509	 378.584290	 345.579071	 73.890961
754.610596	 408.829559	 -1.553784	 732.979370	 422.116760	 -5.863526	 378.349335	 365.706970	 86.001785	 378.837341	 325.481110	 87.076309	 378.585205	 345.583069	 73.894989
754.460632	 408.713318	 -1.635183	 733.015015	 422.155548	 -5.849882	 378.352112	 365.705475	 86.002258	 378.844727	 325.480133	 87.072098	 378.588806	 345.580780	 73.894157
754.230591	 408.622833	 -1.679118	 733.021179	 422.203491	 -5.858877	 378.353180	 365.706573	 86.002365	 378.846893	 325.481323	 87.071342	 378.589905	 345.580688	 73.893639
753.941406	 408.501190	 -1.714177	 732.996155	 422.231598	 -5.869261	 378.354034	 365.705719	 86.006996	 378.847107	 325.482483	 87.071838	 378.593140	 345.582916	 73.892334
753.611328	 408.367371	 -1.738774	 732.885620	 422.229218	 -5.867609	 378.356934	 365.705841	 86.001343	 378.849548	 325.480377	 87.068741	 378.597076	 345.582703	 73.885635
753.256836	 408.199371	 -1.759351	 732.665344	 422.150238	 -5.836271	 378.357178	 365.708588	 86.000511	 378.851013	 325.481110	 87.065826	 378.594452	 345.582001	 73.887154
752.905640	 407.943298	 -1.790314	 732.419312	 421.972260	 -5.804477	 378.357574	 365.704895	 85.999031	 378.852844	 325.479889	 87.063942	 378.597015	 345.580780	 73.883331
752.588013	 407.600128	 -1.843187	 732.200928	 421.736603	 -5.784842	 378.358765	 365.703949	 85.997795	 378.850403	 325.479401	 87.066566	 378.597717	 345.578949	 73.883438
752.300842	 407.198669	 -1.896479	 731.998291	 421.421478	 -5.757642	 378.355408	 365.704224	 85.995071	 378.844055	 325.480225	 87.071899	 378.592346	 345.579773	 73.889633
752.024841	 406.761871	 -1.933298	 731.803406	 421.050049	 -5.735664	 378.349121	 365.701508	 85.995506	 378.836823	 325.476959	 87.076439	 378.584686	 345.576385	 73.893463
751.762573	 406.318542	 -1.961844	 731.617554	 420.666992	 -5.721010	 378.339661	 365.703094	 86.004379	 378.830383	 325.477386	 87.077988	 378.575256	 345.575562	 73.895172
751.519287	 405.850952	 -1.974082	 731.419678	 420.244354	 -5.710630	 378.334747	 365.703369	 86.004745	 378.826874	 325.478577	 87.078186	 378.567535	 345.578033	 73.903152
751.288513	 405.304962	 -1.971227	 731.221436	 419.749237	 -5.689299	 378.334167	 365.702332	 86.005722	 378.827515	 325.477203	 87.075523	 378.570892	 345.576721	 73.893860
751.069336	 404.709991	 -2.003695	 731.009766	 419.241516	 -5.665533	 378.334320	 365.704773	 86.006706	 378.825409	 325.479614	 87.073799	 378.569641	 345.576569	 73.891739
750.830139	 404.118011	 -2.033304	 730.807251	 418.748627	 -5.646200	 378.337555	 365.704041	 86.001404	 378.824890	 325.478607	 87.076477	 378.567871	 345.575928	 73.900719
750.587097	 403.528625	 -2.075869	 730.607849	 418.256439	 -5.622512	 378.338684	 365.703735	 85.997475	 378.824615	 325.476044	 87.074059	 378.572388	 345.576294	 73.893288
750.348572	 402.964722	 -2.132015	 730.405334	 417.747437	 -5.593911	 378.337952	 365.704010	 85.996086	 378.825928	 325.478027	 87.066574	 378.574921	 345.578156	 73.888580
750.104004	 402.419800	 -2.178500	 730.218445	 417.235016	 -5.569833	 378.340057	 365.702332	 85.997894	 378.830231	 325.477234	 87.064774	 378.575592	 345.576477	 73.890892
749.846619	 401.915283	 -2.224632	 730.032166	 416.741241	 -5.545687	 378.343109	 365.703217	 85.995995	 378.834717	 325.477600	 87.063011	 378.578217	 345.577637	 73.889526
749.587341	 401.460541	 -2.302366	 729.860596	 416.257782	 -5.520692	 378.345184	 365.704071	 85.992744	 378.834930	 325.477997	 87.066612	 378.583923	 345.579651	 73.884071
749.327515	 401.044891	 -2.377380	 729.694275	 415.804871	 -5.500610	 378.345062	 365.702545	 85.997391	 378.835114	 325.475067	 87.068398	 378.584198	 345.576324	 73.881783
749.079529	 400.651306	 -2.449278	 729.537720	 415.390350	 -5.502395	 378.343231	 365.702515	 85.999496	 378.835602	 325.476318	 87.063843	 378.580780	 345.576569	 73.886513
748.840942	 400.294647	 -2.521539	 729.379089	 415.008575	 -5.507202	 378.340942	 365.701477	 85.996468	 378.832611	 325.476959	 87.065582	 378.577698	 345.578369	 73.886971
748.614197	 399.975922	 -2.570770	 729.216309	 414.672363	 -5.491669	 378.339569	 365.701294	 85.991783	 378.828583	 325.476196	 87.070244	 378.576813	 345.577240	 73.881966
748.416504	 399.702240	 -2.617271	 729.092590	 414.393829	 -5.490389	 378.336182	 365.704102	 85.995369	 378.829132	 325.478180	 87.062088	 378.574982	 345.579132	 73.881561
748.253845	 399.482849	 -2.664278	 728.988464	 414.174591	 -5.498455	 378.333771	 365.702087	 85.999603	 378.828522	 325.476715	 87.059395	 378.575073	 345.578735	 73.878479
748.099976	 399.304871	 -2.681195	 728.876526	 413.992615	 -5.493108	 378.334381	 365.701050	 85.997337	 378.824463	 325.475159	 87.067673	 378.573639	 345.577393	 73.884338
747.942749	 399.171692	 -2.682219	 728.771362	 413.849579	 -5.487240	 378.334259	 365.703430	 85.997505	 378.827606	 325.477905	 87.065811	 378.571716	 345.576813	 73.885818
747.796021	 399.085266	 -2.672979	 728.684631	 413.765717	 -5.494646	 378.337830	 365.699646	 85.995667	 378.829498	 325.475708	 87.062973	 378.576569	 345.576355	 73.881996
747.669250	 399.026398	 -2.662589	 728.605042	 413.705597	 -5.480284	 378.342163	 365.699554	 85.991440	 378.830505	 325.475922	 87.062737	 378.578552	 345.575684	 73.884315
747.565247	 398.987671	 -2.661932	 728.546021	 413.664459	 -5.458959	 378.339783	 365.702179	 85.998627	 378.829895	 325.478821	 87.064995	 378.575104	 345.576599	 73.887375
747.495361	 398.976501	 -2.670703	 728.519775	 413.652802	 -5.448567	 378.340271	 365.702393	 85.995728	 378.830566	 325.477509	 87.063911	 378.575531	 345.575165	 73.889626
747.455933	 398.979218	 -2.675726	 728.518555	 413.657959	 -5.442085	 378.340179	 365.705322	 85.992348	 378.831085	 325.478363	 87.063110	 378.574036	 345.576019	 73.889740
747.440613	 398.987793	 -2.677733	 728.532715	 413.664520	 -5.430484	 378.335754	 365.704437	 86.000809	 378.828369	 325.479340	 87.068558	 378.574860	 345.579834	 73.889137
747.447693	 399.003052	 -2.682256	 728.553711	 413.678986	 -5.412066	 378.333710	 365.702148	 86.000633	 378.825989	 325.477539	 87.068184	 378.575195	 345.578491	 73.889610
747.460144	 399.028992	 -2.670773	 728.578857	 413.701019	 -5.394140	 378.331787	 365.704987	 85.997177	 378.823608	 325.480011	 87.066086	 378.571136	 345.579895	 73.886803
747.482483	 399.052185	 -2.660471	 728.607666	 413.718109	 -5.376093	 378.330200	 365.705322	 85.999352	 378.824127	 325.481018	 87.063065	 378.568481	 345.580566	 73.885078
747.510803	 399.063690	 -2.659734	 728.631592	 413.730835	 -5.350844	 378.326508	 365.704895	 86.001854	 378.821014	 325.479950	 87.065147	 378.564087	 345.579102	 73.890038
747.539917	 399.072998	 -2.656438	 728.655762	 413.737335	 -5.332878	 378.325684	 365.706177	 85.998505	 378.813477	 325.481262	 87.072891	 378.561981	 345.580353	 73.888985
747.571106	 399.076233	 -2.646393	 728.675842	 413.735413	 -5.312867	 378.328674	 365.704529	 85.995476	 378.813385	 325.478943	 87.069626	 378.564209	 345.579834	 73.883797
747.608582	 399.085724	 -2.640296	 728.696045	 413.738708	 -5.293272	 378.327942	 365.706024	 85.995415	 378.817688	 325.481476	 87.064003	 378.564301	 345.579193	 73.886810
747.645386	 399.099121	 -2.627091	 728.722961	 413.741486	 -5.279927	 378.330261	 365.707123	 85.994804	 378.821228	 325.483185	 87.067879	 378.565002	 345.581055	 73.890091
747.686584	 399.102692	 -2.612232	 728.744629	 413.739594	 -5.268131	 378.333984	 365.704987	 85.997818	 378.825562	 325.481842	 87.068962	 378.570526	 345.580597	 73.889191
747.722168	 399.106293	 -2.602538	 728.759949	 413.739258	 -5.257715	 378.336670	 365.708099	 85.994492	 378.827148	 325.484283	 87.064232	 378.573364	 345.582489	 73.886276
747.759521	 399.113098	 -2.590196	 728.774109	 413.738678	 -5.244461	 378.340179	 365.708954	 85.989388	 378.829834	 325.483704	 87.064789	 378.573853	 345.582214	 73.886353
747.798706	 399.120239	 -2.571097	 728.794250	 413.743805	 -5.234820	 378.341156	 365.707367	 85.990135	 378.831299	 325.482666	 87.065376	 378.576447	 345.581146	 73.885971
747.836487	 399.128479	 -2.554575	 728.814331	 413.746643	 -5.215008	 378.341858	 365.708496	 85.990097	 378.830627	 325.484222	 87.062866	 378.579498	 345.583984	 73.878105
747.878601	 399.131195	 -2.540524	 728.840088	 413.746979	 -5.200915	 378.344910	 365.707916	 85.988037	 378.833221	 325.482330	 87.059845	 378.581299	 345.582062	 73.877876
747.921143	 399.136597	 -2.528527	 728.864441	 413.751465	 -5.187435	 378.346222	 365.708618	 85.988174	 378.835114	 325.483337	 87.057404	 378.583954	 345.582092	 73.879700
747.958679	 399.145203	 -2.507902	 728.885986	 413.751495	 -5.167717	 378.345703	 365.708984	 85.992538	 378.835022	 325.484192	 87.059982	 378.580536	 345.583344	 73.883270
748.003235	 399.152618	 -2.486120	 728.910339	 413.750153	 -5.156545	 378.344269	 365.707214	 85.995483	 378.834198	 325.481415	 87.062149	 378.579681	 345.580780	 73.885345
748.051880	 399.167755	 -2.468159	 728.930664	 413.750763	 -5.145267	 378.341675	 365.708618	 85.996552	 378.833832	 325.482056	 87.057320	 378.581635	 345.581787	 73.879036
748.101685	 399.183594	 -2.447709	 728.954285	 413.750397	 -5.130090	 378.344147	 365.707764	 85.990829	 378.836578	 325.482880	 87.057213	 378.582611	 345.582977	 73.881897
748.143860	 399.188721	 -2.427706	 728.978699	 413.752655	 -5.118764	 378.345032	 365.706299	 85.990768	 378.836823	 325.482330	 87.060005	 378.582886	 345.580750	 73.882820
748.177246	 399.203156	 -2.415847	 728.993713	 413.761627	 -5.104424	 378.347443	 365.708344	 85.992722	 378.836945	 325.484436	 87.059280	 378.580658	 345.582245	 73.886917
748.200195	 399.217346	 -2.404395	 729.005127	 413.771790	 -5.099482	 378.350006	 365.706848	 85.992226	 378.839539	 325.482910	 87.058304	 378.582306	 345.581848	 73.886505
748.214233	 399.224152	 -2.401068	 729.012451	 413.780670	 -5.097743	 378.346497	 365.707550	 85.994629	 378.839539	 325.481018	 87.052719	 378.583893	 345.578857	 73.880882
748.220703	 399.231781	 -2.397643	 729.021118	 413.788269	 -5.095827	 378.345276	 365.707123	 85.992050	 378.838287	 325.481415	 87.054726	 378.584747	 345.582489	 73.879387
748.225220	 399.235291	 -2.386993	 729.022949	 413.792419	 -5.083144	 378.345306	 365.704437	 85.989021	 378.835876	 325.480164	 87.061577	 378.583771	 345.580200	 73.882416
748.229797	 399.239685	 -2.378227	 729.025574	 413.801941	 -5.081503	 378.338745	 365.706329	 85.995926	 378.834808	 325.481140	 87.061417	 378.579987	 345.579285	 73.882271
748.237305	 399.249084	 -2.378260	 729.033081	 413.809937	 -5.089974	 378.335327	 365.706573	 85.999680	 378.833191	 325.481812	 87.059425	 378.578369	 345.582733	 73.878593
748.242432	 399.255676	 -2.379895	 729.026917	 413.813507	 -5.083175	 378.335693	 365.706360	 85.991623	 378.828735	 325.480988	 87.057770	 378.572968	 345.580841	 73.880608
748.240417	 399.263947	 -2.373955	 729.019226	 413.821350	 -5.082406	 378.331696	 365.708069	 85.989395	 378.820709	 325.481995	 87.063370	 378.571198	 345.582306	 73.874825
748.231873	 399.272156	 -2.365167	 729.014587	 413.831757	 -5.089356	 378.327301	 365.708160	 85.993065	 378.818787	 325.482544	 87.065033	 378.566284	 345.583038	 73.878136
748.225037	 399.277008	 -2.364269	 729.010193	 413.842499	 -5.090109	 378.326355	 365.706970	 85.992569	 378.819855	 325.481689	 87.060974	 378.565277	 345.583557	 73.879440
748.211548	 399.282074	 -2.368199	 729.005249	 413.850769	 -5.086670	 378.326385	 365.707794	 85.992287	 378.815582	 325.482910	 87.064316	 378.567474	 345.584351	 73.876884
748.199280	 399.283478	 -2.373574	 729.001404	 413.854340	 -5.082691	 378.327576	 365.707764	 85.992249	 378.816071	 325.482025	 87.066063	 378.563416	 345.581146	 73.887245
748.189270	 399.284302	 -2.379643	 729.005249	 413.863464	 -5.091280	 378.328644	 365.708435	 85.993141	 378.820007	 325.482697	 87.058319	 378.564056	 345.581573	 73.886879
748.171997	 399.284882	 -2.373619	 729.005798	 413.870026	 -5.089827	 378.328705	 365.709991	 85.992729	 378.819702	 325.484406	 87.061417	 378.565186	 345.582947	 73.882294
748.163513	 399.285706	 -2.368980	 729.003296	 413.874298	 -5.079763	 378.330353	 365.707489	 85.989609	 378.819458	 325.481384	 87.067413	 378.565369	 345.579956	 73.883690
748.169373	 399.292542	 -2.371434	 729.008057	 413.884674	 -5.077685	 378.332581	 365.708984	 85.987480	 378.822540	 325.482300	 87.059517	 378.568085	 345.580383	 73.879898
748.176086	 399.304596	 -2.359062	 729.017029	 413.889801	 -5.069931	 378.335388	 365.710358	 85.988861	 378.824768	 325.484344	 87.060204	 378.570526	 345.582520	 73.884819
748.191589	 399.317871	 -2.353541	 729.025146	 413.897278	 -5.062445	 378.338318	 365.709106	 85.991066	 378.827362	 325.483246	 87.057373	 378.571991	 345.581848	 73.888496
748.206421	 399.334961	 -2.354233	 729.027832	 413.907928	 -5.060037	 378.337250	 365.709595	 85.990196	 378.826660	 325.483704	 87.057571	 378.574249	 345.582153	 73.879852
748.213623	 399.344940	 -2.344207	 729.034058	 413.912354	 -5.060436	 378.336456	 365.706512	 85.990143	 378.827545	 325.483063	 87.060631	 378.573730	 345.580841	 73.879265
748.221680	 399.347717	 -2.341132	 729.038635	 413.921173	 -5.062134	 378.340454	 365.706116	 85.988594	 378.830475	 325.482666	 87.059410	 378.575134	 345.580536	 73.877625
748.224121	 399.355103	 -2.336856	 729.038879	 413.931366	 -5.062899	 378.339722	 365.709045	 85.989815	 378.831757	 325.484497	 87.058189	 378.574310	 345.583160	 73.882561
748.226257	 399.358490	 -2.330133	 729.041687	 413.939758	 -5.064257	 378.336243	 365.706573	 85.995720	 378.832916	 325.482666	 87.055702	 378.575317	 345.581299	 73.881226
748.233459	 399.362000	 -2.322902	 729.046143	 413.957703	 -5.068739	 378.338318	 365.708527	 85.991333	 378.828125	 325.483704	 87.062683	 378.575104	 345.582520	 73.878334
748.241150	 399.371521	 -2.319848	 729.049927	 413.973450	 -5.067621	 378.338348	 365.709442	 85.989395	 378.831055	 325.486359	 87.058563	 378.576416	 345.585419	 73.880257
748.254333	 399.379486	 -2.316427	 729.053589	 413.982208	 -5.068204	 378.337433	 365.706421	 85.993401	 378.833557	 325.483521	 87.053406	 378.576324	 345.582581	 73.881920
748.270996	 399.392059	 -2.310821	 729.057617	 413.991394	 -5.067049	 378.334778	 365.707886	 85.995415	 378.829376	 325.484741	 87.056786	 378.573059	 345.581787	 73.879555
748.285950	 399.405212	 -2.296747	 729.061035	 413.996124	 -5.060673	 378.333527	 365.706757	 85.993919	 378.830292	 325.484131	 87.055283	 378.574982	 345.581635	 73.878677
748.299805	 399.413788	 -2.277121	 729.064087	 414.006561	 -5.063123	 378.335693	 365.707520	 85.990593	 378.828918	 325.482361	 87.056114	 378.575684	 345.580292	 73.876671
748.317871	 399.426025	 -2.282588	 729.067993	 414.020691	 -5.068141	 378.336456	 365.709320	 85.989998	 378.828766	 325.484985	 87.058708	 378.573517	 345.582855	 73.876930
748.323242	 399.427887	 -2.278466	 729.071594	 414.032684	 -5.066032	 378.339355	 365.706207	 85.989639	 378.831024	 325.483276	 87.057915	 378.575867	 345.580566	 73.879158
748.320740	 399.427826	 -2.269666	 729.073792	 414.052582	 -5.068339	 378.338959	 365.705933	 85.990036	 378.831146	 325.483246	 87.057518	 378.578857	 345.580627	 73.872452
748.321472	 399.431213	 -2.277756	 729.083191	 414.074585	 -5.079724	 378.337799	 365.707062	 85.991478	 378.831177	 325.483917	 87.059433	 378.578705	 345.581787	 73.874748
748.324829	 399.432556	 -2.280417	 729.096252	 414.095673	 -5.075809	 378.339355	 365.705566	 85.993362	 378.833435	 325.481018	 87.058830	 378.580139	 345.579468	 73.880440
748.327881	 399.440643	 -2.280092	 729.109558	 414.120483	 -5.062860	 378.339539	 365.708618	 85.992203	 378.833069	 325.484070	 87.055336	 378.578461	 345.581879	 73.879913
748.327209	 399.446899	 -2.273664	 729.128967	 414.140594	 -5.054783	 378.339752	 365.708832	 85.988411	 378.835114	 325.486511	 87.050468	 378.575775	 345.582153	 73.881454
748.335571	 399.451935	 -2.270833	 729.148193	 414.162140	 -5.043793	 378.338379	 365.706451	 85.987961	 378.832245	 325.483368	 87.050575	 378.575653	 345.578278	 73.880234
748.352173	 399.467834	 -2.266971	 729.168762	 414.182465	 -5.031286	 378.333954	 365.707245	 85.994179	 378.828827	 325.483917	 87.052216	 378.573608	 345.580078	 73.879456
748.377930	 399.490051	 -2.260495	 729.195251	 414.199158	 -5.015174	 378.335144	 365.705505	 85.993958	 378.829437	 325.481934	 87.053963	 378.572784	 345.580170	 73.882973
748.397766	 399.509338	 -2.244227	 729.217590	 414.220581	 -5.003032	 378.337280	 365.707245	 85.991730	 378.828918	 325.481476	 87.058601	 378.575562	 345.580750	 73.881950
748.413879	 399.526947	 -2.232445	 729.232544	 414.234436	 -4.992084	 378.337311	 365.709473	 85.993324	 378.829132	 325.484222	 87.060074	 378.574738	 345.583313	 73.887138
748.425171	 399.534851	 -2.227499	 729.249146	 414.241791	 -4.989527	 378.338074	 365.706024	 85.995331	 378.830475	 325.483826	 87.062660	 378.575226	 345.583588	 73.887039
748.427551	 399.541107	 -2.222764	 729.252136	 414.248718	 -4.979871	 378.338654	 365.708282	 85.994125	 378.828491	 325.483337	 87.066330	 378.577606	 345.584717	 73.878380
748.431824	 399.546936	 -2.217254	 729.257813	 414.252930	 -4.977833	 378.340057	 365.709290	 85.990868	 378.829102	 325.483246	 87.068573	 378.577667	 345.584412	 73.880554
748.435425	 399.550354	 -2.210237	 729.265076	 414.259674	 -4.984227	 378.340424	 365.707275	 85.992424	 378.833191	 325.482971	 87.062851	 378.579651	 345.581512	 73.884560
748.435242	 399.557617	 -2.211778	 729.269714	 414.268066	 -4.982070	 378.341705	 365.709442	 85.995567	 378.833374	 325.483978	 87.060555	 378.581085	 345.583221	 73.880676
748.431519	 399.562744	 -2.205056	 729.272217	 414.271240	 -4.979022	 378.344360	 365.709686	 85.995064	 378.833252	 325.484192	 87.064934	 378.582062	 345.584534	 73.880402
748.435974	 399.570282	 -2.207583	 729.274048	 414.275726	 -4.980989	 378.341400	 365.708923	 85.996315	 378.831879	 325.483582	 87.064529	 378.578583	 345.581512	 73.883591
748.435303	 399.579346	 -2.206115	 729.273376	 414.279358	 -4.977673	 378.338715	 365.709167	 85.993423	 378.829498	 325.483917	 87.058975	 378.573822	 345.581116	 73.881973
748.434814	 399.583130	 -2.200335	 729.273804	 414.282410	 -4.975748	 378.336700	 365.707672	 85.990005	 378.825989	 325.481934	 87.059822	 378.571747	 345.580322	 73.880112
748.437866	 399.586060	 -2.198167	 729.276428	 414.292511	 -4.979343	 378.333221	 365.708527	 85.991135	 378.823822	 325.483032	 87.064484	 378.575012	 345.581757	 73.872665
748.438293	 399.592072	 -2.193970	 729.269958	 414.300873	 -4.973442	 378.332306	 365.711243	 85.991814	 378.822205	 325.485291	 87.062416	 378.571442	 345.584351	 73.877846
748.440002	 399.594879	 -2.191274	 729.264343	 414.306183	 -4.976617	 378.330505	 365.710114	 85.995056	 378.820160	 325.483124	 87.063019	 378.567719	 345.583710	 73.880669
748.440857	 399.597107	 -2.182502	 729.260010	 414.316315	 -4.980595	 378.329620	 365.710419	 85.994911	 378.818329	 325.483582	 87.063416	 378.566467	 345.582916	 73.876953
748.445557	 399.601105	 -2.179774	 729.263184	 414.322021	 -4.981692	 378.329559	 365.710785	 85.995041	 378.819000	 325.485016	 87.059990	 378.563934	 345.583923	 73.878151
748.452271	 399.606049	 -2.182417	 729.269958	 414.323853	 -4.983966	 378.328339	 365.707977	 85.993721	 378.821198	 325.484314	 87.057724	 378.565460	 345.582764	 73.878616
748.460144	 399.615295	 -2.177500	 729.269714	 414.328308	 -4.980816	 378.327637	 365.709808	 85.991562	 378.820740	 325.485413	 87.058105	 378.565460	 345.583557	 73.884254
748.473206	 399.621613	 -2.175914	 729.270020	 414.330170	 -4.978196	 378.330841	 365.709839	 85.993416	 378.820435	 325.483459	 87.061005	 378.566772	 345.583862	 73.880814
748.484558	 399.625092	 -2.174052	 729.273682	 414.331940	 -4.971078	 378.332642	 365.708862	 85.995819	 378.821655	 325.482147	 87.061638	 378.567169	 345.581116	 73.879089
748.489624	 399.632202	 -2.165490	 729.281250	 414.337708	 -4.971495	 378.331696	 365.710144	 85.993645	 378.824219	 325.484039	 87.057076	 378.568176	 345.584045	 73.878014
748.497314	 399.638275	 -2.160614	 729.284058	 414.339081	 -4.970899	 378.333069	 365.707397	 85.992111	 378.823761	 325.481842	 87.056961	 378.567871	 345.582123	 73.875595
748.503662	 399.642975	 -2.155586	 729.284912	 414.341919	 -4.970754	 378.332397	 365.709229	 85.991608	 378.821899	 325.482788	 87.059570	 378.568451	 345.581543	 73.874969
748.510498	 399.652802	 -2.155780	 729.281494	 414.343475	 -4.964922	 378.331085	 365.712433	 85.989769	 378.823242	 325.485260	 87.056297	 378.570129	 345.585388	 73.874382
