744.157471	 397.399536	 -3.045658	 725.637085	 411.991241	 -4.938407	 388.935272	 520.387817	 83.785172	 388.141571	 480.165497	 84.936974	 388.527283	 500.256653	 71.734695
744.145081	 397.391846	 -3.055170	 725.630432	 411.987793	 -4.956838	 388.935669	 520.390503	 83.776505	 388.140015	 480.166138	 84.934044	 388.525513	 500.255554	 71.733627
744.132996	 397.387726	 -3.062397	 725.623108	 411.981598	 -4.966194	 388.934723	 520.390259	 83.776436	 388.138092	 480.165253	 84.939720	 388.524414	 500.257263	 71.738022
744.123352	 397.380493	 -3.060512	 725.617371	 411.977539	 -4.972091	 388.930267	 520.387085	 83.782936	 388.138885	 480.162659	 84.938133	 388.526215	 500.254883	 71.736252
744.112915	 397.378113	 -3.065910	 725.610657	 411.973816	 -4.973811	 388.927490	 520.389099	 83.787674	 388.137238	 480.166412	 84.939270	 388.523743	 500.258301	 71.733597
744.111694	 397.374939	 -3.071608	 725.606750	 411.963440	 -4.974907	 388.928955	 520.389038	 83.781250	 388.136749	 480.164307	 84.939232	 388.518707	 500.256805	 71.737885
744.116089	 397.369812	 -3.074572	 725.603210	 411.959656	 -4.979950	 388.928955	 520.388916	 83.776039	 388.135010	 480.162201	 84.936012	 388.519470	 500.255066	 71.735634
744.118958	 397.370453	 -3.073899	 725.602051	 411.957581	 -4.985721	 388.925903	 520.388306	 83.782372	 388.134521	 480.164978	 84.934349	 388.519135	 500.255707	 71.733795
744.126770	 397.369507	 -3.073426	 725.601196	 411.953369	 -4.986199	 388.922852	 520.386047	 83.786110	 388.136444	 480.163452	 84.933212	 388.518799	 500.253082	 71.734802
744.130066	 397.367828	 -3.066766	 725.597961	 411.953278	 -4.987546	 388.925415	 520.388794	 83.782730	 388.132568	 480.162628	 84.938087	 388.517456	 500.254547	 71.732269
744.137390	 397.371368	 -3.057836	 725.597290	 411.950104	 -4.985891	 388.928925	 520.389099	 83.784363	 388.135406	 480.164398	 84.939369	 388.520813	 500.256866	 71.731277
744.149048	 397.369415	 -3.057570	 725.597534	 411.947662	 -4.990926	 388.932678	 520.388611	 83.780922	 388.140747	 480.163788	 84.935020	 388.525452	 500.255646	 71.731171
744.155518	 397.369415	 -3.055485	 725.594543	 411.948029	 -4.995166	 388.934052	 520.388733	 83.780930	 388.142090	 480.165741	 84.933914	 388.529236	 500.258026	 71.728706
744.164673	 397.368988	 -3.047052	 725.597046	 411.942749	 -4.998840	 388.935974	 520.385864	 83.783806	 388.146881	 480.164551	 84.931618	 388.531525	 500.257050	 71.730812
744.176331	 397.363464	 -3.052010	 725.598083	 411.937683	 -4.998928	 388.942230	 520.387817	 83.780495	 388.150726	 480.163574	 84.931992	 388.533600	 500.254517	 71.734489
744.182861	 397.360504	 -3.053214	 725.597595	 411.930389	 -4.995800	 388.946320	 520.389832	 83.781433	 388.156311	 480.166809	 84.934898	 388.535492	 500.256439	 71.738029
744.191895	 397.355957	 -3.050344	 725.602661	 411.918854	 -5.003561	 388.949066	 520.387573	 83.779724	 388.154266	 480.163116	 84.942528	 388.538391	 500.253632	 71.737549
744.199829	 397.352539	 -3.050008	 725.603943	 411.910583	 -5.007429	 388.946716	 520.387573	 83.782143	 388.153748	 480.162598	 84.936440	 388.539490	 500.252472	 71.736053
744.206299	 397.353180	 -3.044147	 725.606079	 411.903473	 -5.005231	 388.948029	 520.388367	 83.778770	 388.154877	 480.164032	 84.932144	 388.540863	 500.255707	 71.727562
744.219299	 397.351990	 -3.033211	 725.608704	 411.893921	 -4.998846	 388.951080	 520.387085	 83.774277	 388.154175	 480.162750	 84.934677	 388.540527	 500.254211	 71.726532
744.236267	 397.355865	 -3.036067	 725.611450	 411.887665	 -4.998645	 388.946686	 520.387085	 83.779617	 388.155182	 480.164642	 84.930275	 388.542847	 500.258392	 71.719574
744.247986	 397.355469	 -3.035861	 725.613342	 411.875854	 -5.008598	 388.947845	 520.388245	 83.778030	 388.153870	 480.165283	 84.930145	 388.541107	 500.257324	 71.723557
744.257874	 397.344818	 -3.028826	 725.605469	 411.858246	 -5.009337	 388.946106	 520.387634	 83.779198	 388.152588	 480.164825	 84.932037	 388.537292	 500.254333	 71.729408
744.268127	 397.336212	 -3.020463	 725.597107	 411.838898	 -5.009494	 388.940704	 520.388733	 83.781967	 388.149902	 480.165955	 84.931885	 388.535858	 500.256470	 71.729401
744.291199	 397.328491	 -3.020106	 725.590698	 411.811493	 -5.018340	 388.938538	 520.387451	 83.785416	 388.148529	 480.163330	 84.935219	 388.532043	 500.255493	 71.734283
744.315796	 397.320038	 -3.015935	 725.578979	 411.782471	 -5.030127	 388.939453	 520.387756	 83.783478	 388.148285	 480.163971	 84.938004	 388.534210	 500.256409	 71.730705
744.335754	 397.313629	 -3.001669	 725.555969	 411.748840	 -5.046031	 388.940125	 520.389832	 83.780548	 388.147125	 480.167175	 84.933868	 388.533020	 500.257141	 71.729927
744.355469	 397.306824	 -2.993609	 725.516663	 411.706757	 -5.073298	 388.942627	 520.387451	 83.780342	 388.148987	 480.163727	 84.930023	 388.530853	 500.255402	 71.735016
744.369507	 397.305542	 -2.995538	 725.463257	 411.667084	 -5.126224	 388.943115	 520.387756	 83.785004	 388.151642	 480.164642	 84.929749	 388.534027	 500.255585	 71.734314
744.367737	 397.309753	 -2.991122	 725.384949	 411.618866	 -5.189079	 388.943298	 520.389099	 83.783386	 388.150757	 480.166870	 84.934799	 388.535217	 500.256409	 71.734360
744.346069	 397.315613	 -2.984647	 725.282349	 411.559692	 -5.267207	 388.943329	 520.386963	 83.780823	 388.152008	 480.164490	 84.929764	 388.529816	 500.252655	 71.742584
744.304077	 397.331573	 -2.978943	 725.138855	 411.481110	 -5.362895	 388.940552	 520.387939	 83.783661	 388.149811	 480.166138	 84.928940	 388.531189	 500.253754	 71.736656
744.235962	 397.360260	 -2.967081	 724.943970	 411.367828	 -5.454746	 388.939117	 520.388062	 83.784378	 388.147308	 480.165802	 84.934990	 388.533691	 500.255829	 71.731430
744.131592	 397.398041	 -2.937413	 724.691711	 411.231384	 -5.523445	 388.938629	 520.386047	 83.782906	 388.148254	 480.164795	 84.930672	 388.532043	 500.253448	 71.730667
743.970520	 397.443359	 -2.851202	 724.358887	 411.105682	 -5.630412	 388.935516	 520.387451	 83.780769	 388.145996	 480.166382	 84.928558	 388.527679	 500.254639	 71.731140
743.734863	 397.474976	 -2.614155	 723.944763	 411.016998	 -5.789998	 388.934723	 520.385254	 83.778786	 388.144196	 480.164429	 84.927612	 388.527161	 500.254333	 71.732132
743.407043	 397.482971	 -2.100818	 723.358337	 410.959991	 -5.740557	 388.934753	 520.384766	 83.778275	 388.142517	 480.162659	 84.932312	 388.527649	 500.251526	 71.729385
742.942932	 397.462219	 -1.143518	 722.445984	 410.986359	 -5.123305	 388.934753	 520.385803	 83.779877	 388.140350	 480.161407	 84.936996	 388.525421	 500.253632	 71.731850
742.350769	 397.319794	 0.166581	 721.164917	 411.188995	 -3.828601	 388.940125	 520.382996	 83.776932	 388.145142	 480.159454	 84.933769	 388.529083	 500.252563	 71.728493
741.648682	 397.021210	 1.706549	 719.482117	 411.624725	 -1.831184	 388.940796	 520.385620	 83.777740	 388.150085	 480.161835	 84.927399	 388.533508	 500.252167	 71.727264
740.742859	 396.776733	 3.846900	 717.462524	 412.270050	 0.659898	 388.946289	 520.385925	 83.775818	 388.153290	 480.162292	 84.929176	 388.540222	 500.252472	 71.726830
739.549561	 396.750305	 6.712021	 715.176331	 413.058319	 3.572009	 388.955017	 520.383728	 83.777016	 388.160370	 480.160645	 84.933914	 388.545593	 500.249481	 71.729202
738.095337	 396.837158	 9.995306	 712.615417	 414.042572	 6.929214	 388.957977	 520.384827	 83.780716	 388.166870	 480.162079	 84.932533	 388.549896	 500.251740	 71.730370
736.391907	 397.045593	 13.612811	 709.769714	 415.304535	 10.644182	 388.964508	 520.384277	 83.776634	 388.172363	 480.160706	 84.928925	 388.557800	 500.249451	 71.725945
734.385986	 397.410736	 17.613159	 706.643250	 416.834442	 14.640541	 388.970306	 520.385559	 83.770309	 388.178070	 480.162689	 84.922562	 388.561584	 500.247925	 71.722870
732.083069	 397.914612	 21.955601	 703.221802	 418.567047	 18.917253	 388.970612	 520.385071	 83.765053	 388.175293	 480.163269	 84.928230	 388.560913	 500.252319	 71.723816
729.552002	 398.419159	 26.613825	 699.449646	 420.417236	 23.571407	 388.967194	 520.381653	 83.768394	 388.172821	 480.157898	 84.928589	 388.559052	 500.250641	 71.720726
726.830811	 398.829651	 31.603333	 695.288025	 422.359253	 28.739262	 388.959442	 520.381958	 83.773956	 388.167694	 480.157898	 84.922890	 388.554504	 500.250977	 71.714836
723.903992	 399.128448	 36.935204	 690.750793	 424.436859	 34.464855	 388.954895	 520.382507	 83.770103	 388.160919	 480.158722	 84.923622	 388.547943	 500.249603	 71.714203
720.737854	 399.338226	 42.569691	 685.893250	 426.661865	 40.636383	 388.950409	 520.381531	 83.764351	 388.158234	 480.157562	 84.917160	 388.538147	 500.245148	 71.722610
717.281250	 399.512451	 48.434578	 680.775696	 429.022308	 47.025513	 388.940399	 520.381775	 83.767723	 388.150482	 480.158997	 84.914825	 388.532074	 500.248260	 71.724121
713.486206	 399.700867	 54.415413	 675.405579	 431.506592	 53.412357	 388.937134	 520.381104	 83.770134	 388.145721	 480.158936	 84.916336	 388.529266	 500.248596	 71.724365
709.311096	 399.958557	 60.315632	 669.729431	 434.091370	 59.677227	 388.935730	 520.382141	 83.771133	 388.143066	 480.157318	 84.919563	 388.528168	 500.246613	 71.721008
704.688599	 400.346649	 66.027702	 663.726501	 436.741150	 65.732635	 388.936218	 520.383972	 83.771721	 388.146576	 480.159698	 84.918671	 388.531342	 500.250549	 71.715195
699.586548	 400.883484	 71.498291	 657.370422	 439.450439	 71.534416	 388.944977	 520.382202	 83.765686	 388.151733	 480.157806	 84.920624	 388.537842	 500.249878	 71.715675
694.023926	 401.502991	 76.729935	 650.629395	 442.310913	 77.084694	 388.951233	 520.383118	 83.765335	 388.155029	 480.157104	 84.922836	 388.538605	 500.248260	 71.725983
688.023193	 402.132233	 81.682503	 643.510986	 445.414673	 82.335892	 388.957733	 520.384094	 83.768723	 388.163361	 480.160004	 84.919868	 388.545471	 500.250366	 71.726036
681.548218	 402.813934	 86.262070	 636.036621	 448.757843	 87.200516	 388.963135	 520.381836	 83.768890	 388.169678	 480.157776	 84.923065	 388.557190	 500.249786	 71.721970
674.535278	 403.649872	 90.403687	 628.249695	 452.249603	 91.600670	 388.968750	 520.383789	 83.768639	 388.174286	 480.159149	 84.921417	 388.560120	 500.248291	 71.720688
666.970459	 404.698608	 94.096497	 620.173279	 455.822968	 95.515999	 388.973358	 520.384033	 83.767273	 388.179626	 480.160004	 84.921234	 388.560699	 500.248108	 71.724785
658.902771	 405.918732	 97.309898	 611.831604	 459.513947	 98.945259	 388.973389	 520.382568	 83.764908	 388.181458	 480.156219	 84.921967	 388.565063	 500.249268	 71.721260
650.400269	 407.242493	 100.052643	 603.258118	 463.380676	 101.919411	 388.973236	 520.383484	 83.763412	 388.181702	 480.157043	 84.917252	 388.565369	 500.248749	 71.719109
641.554749	 408.638397	 102.333763	 594.522644	 467.423462	 104.437141	 388.970703	 520.381958	 83.766380	 388.179321	 480.156403	 84.919228	 388.559784	 500.245911	 71.724800
632.396484	 410.106659	 104.178177	 585.688904	 471.556274	 106.483414	 388.966309	 520.381714	 83.766998	 388.171967	 480.154968	 84.921356	 388.553986	 500.245056	 71.723228
622.976318	 411.665680	 105.550774	 576.810608	 475.701202	 108.030106	 388.962128	 520.381470	 83.761475	 388.164398	 480.155365	 84.918800	 388.548279	 500.246643	 71.720772
613.373596	 413.309814	 106.483383	 567.940308	 479.808075	 109.069038	 388.955963	 520.378601	 83.765709	 388.162262	 480.154602	 84.919846	 388.545074	 500.245514	 71.724007
603.683411	 414.987152	 107.072617	 559.103882	 483.815979	 109.637115	 388.955017	 520.379700	 83.763535	 388.161560	 480.155304	 84.918793	 388.548035	 500.246765	 71.715866
593.998535	 416.618073	 107.381416	 550.320862	 487.705444	 109.775444	 388.955414	 520.379883	 83.763176	 388.161804	 480.155151	 84.918930	 388.546204	 500.246918	 71.722267
584.368103	 418.145325	 107.341606	 541.677612	 491.550110	 109.489098	 388.957275	 520.379150	 83.766731	 388.163910	 480.153656	 84.919846	 388.543488	 500.242432	 71.728714
574.850281	 419.554443	 106.797310	 533.267151	 495.369263	 108.823723	 388.961487	 520.381287	 83.763649	 388.166412	 480.154877	 84.920677	 388.548096	 500.244659	 71.723770
565.484802	 420.860809	 105.766029	 525.116821	 499.084534	 107.900085	 388.966919	 520.381592	 83.763260	 388.171387	 480.155273	 84.924988	 388.553406	 500.245850	 71.722153
556.319275	 422.100372	 104.348648	 517.243408	 502.662292	 106.812195	 388.969910	 520.382507	 83.763535	 388.174316	 480.154510	 84.925270	 388.558380	 500.246826	 71.719154
547.377502	 423.344849	 102.736115	 509.684753	 506.164581	 105.595741	 388.966187	 520.382813	 83.767761	 388.169952	 480.156647	 84.929237	 388.557434	 500.249268	 71.727943
538.715149	 424.630066	 101.091309	 502.514709	 509.656677	 104.272614	 388.966553	 520.380493	 83.768242	 388.171661	 480.157806	 84.925438	 388.560455	 500.248871	 71.722359
530.355652	 425.961792	 99.541107	 495.802368	 513.125366	 102.816483	 388.966400	 520.381226	 83.768501	 388.170929	 480.156647	 84.926903	 388.558228	 500.248810	 71.717590
522.291138	 427.389099	 98.110649	 489.545654	 516.514282	 101.259087	 388.960785	 520.382263	 83.774269	 388.165253	 480.157227	 84.929245	 388.546448	 500.245667	 71.729759
514.555542	 428.841827	 96.741791	 483.770172	 519.836121	 99.641960	 388.953339	 520.379089	 83.777672	 388.160553	 480.156860	 84.930771	 388.541595	 500.243866	 71.736397
507.180054	 430.222778	 95.268433	 478.517212	 523.128479	 98.096367	 388.944672	 520.379639	 83.780350	 388.151794	 480.156250	 84.934761	 388.538879	 500.247833	 71.731812
500.185669	 431.538116	 93.615433	 473.738556	 526.269958	 96.854248	 388.938934	 520.380249	 83.783745	 388.144409	 480.156952	 84.937386	 388.531799	 500.247620	 71.733063
493.616913	 432.785767	 91.923927	 469.254608	 528.982666	 96.069260	 388.936249	 520.379456	 83.783974	 388.139679	 480.154510	 84.942291	 388.527954	 500.244629	 71.736328
487.476959	 433.896393	 90.390175	 464.932495	 531.145630	 95.623802	 388.933258	 520.380798	 83.782326	 388.139404	 480.156067	 84.940361	 388.525208	 500.246918	 71.731606
481.745605	 434.819336	 89.090942	 460.866547	 532.980042	 95.173485	 388.933197	 520.376953	 83.785355	 388.140594	 480.153381	 84.940971	 388.524658	 500.246796	 71.736397
476.385712	 435.605652	 87.953094	 457.173157	 534.731873	 94.419617	 388.936310	 520.375549	 83.790054	 388.143921	 480.151520	 84.941803	 388.527222	 500.245026	 71.743942
471.345947	 436.313324	 86.903091	 453.817688	 536.396179	 93.235054	 388.943512	 520.379028	 83.786385	 388.149048	 480.154175	 84.942940	 388.533356	 500.246124	 71.739777
466.620911	 436.937531	 85.845764	 450.666565	 537.857300	 91.665367	 388.953918	 520.376282	 83.782356	 388.155914	 480.151917	 84.943741	 388.546265	 500.245300	 71.732780
462.195801	 437.446625	 84.737778	 447.646423	 539.145569	 89.864395	 388.960938	 520.376892	 83.782646	 388.165039	 480.153168	 84.940063	 388.551483	 500.244202	 71.742165
458.036346	 437.921112	 83.563339	 444.801575	 540.391418	 88.004227	 388.967224	 520.380676	 83.781036	 388.173157	 480.154755	 84.936562	 388.553619	 500.245087	 71.746040
454.114227	 438.477600	 82.411827	 442.208344	 541.657104	 86.183243	 388.972321	 520.381287	 83.778152	 388.178802	 480.154388	 84.931046	 388.562897	 500.245728	 71.731651
450.424377	 439.108063	 81.406540	 439.895264	 542.908997	 84.470566	 388.971161	 520.379761	 83.778511	 388.176666	 480.155396	 84.932938	 388.561462	 500.245758	 71.733696
446.977051	 439.747772	 80.566772	 437.822906	 544.070251	 82.929764	 388.972321	 520.377930	 83.777199	 388.176117	 480.154022	 84.935944	 388.559204	 500.243713	 71.737831
443.779968	 440.385345	 79.794029	 435.873840	 545.064575	 81.654579	 388.972290	 520.379333	 83.774239	 388.174591	 480.153290	 84.933556	 388.559998	 500.243988	 71.730438
440.801300	 441.019196	 79.020660	 433.995331	 545.883728	 80.658386	 388.963684	 520.379028	 83.775208	 388.166443	 480.154175	 84.936211	 388.550629	 500.244446	 71.738258
438.005859	 441.661438	 78.252197	 432.204926	 546.593079	 79.785767	 388.955963	 520.376770	 83.775978	 388.161865	 480.150848	 84.936974	 388.546631	 500.242981	 71.736443
435.363068	 442.342651	 77.400208	 430.514221	 547.249268	 78.845802	 388.947021	 520.376831	 83.780487	 388.156982	 480.150909	 84.933891	 388.543182	 500.243561	 71.727661
432.853760	 443.056030	 76.373901	 428.895111	 547.847290	 77.761131	 388.944763	 520.376404	 83.776901	 388.153381	 480.152771	 84.927124	 388.537323	 500.244690	 71.728477
430.500519	 443.793976	 75.215752	 427.348236	 548.384155	 76.479912	 388.942291	 520.374756	 83.778946	 388.151276	 480.149231	 84.927246	 388.535065	 500.241882	 71.730194
428.300415	 444.566620	 74.084877	 425.854004	 548.850220	 75.102219	 388.938965	 520.377014	 83.778641	 388.145935	 480.150940	 84.930817	 388.531464	 500.242432	 71.729401
426.259949	 445.414978	 73.152382	 424.526459	 549.354309	 73.833092	 388.928619	 520.376587	 83.768990	 388.132385	 480.150726	 84.926643	 388.523071	 500.243927	 71.720245
424.369812	 446.388214	 72.561226	 423.428345	 549.926880	 72.736313	 388.918365	 520.375977	 83.764160	 388.121643	 480.147888	 84.925217	 388.513794	 500.242645	 71.712051
422.645050	 447.498016	 72.267166	 422.344788	 550.345764	 71.785522	 388.916168	 520.377258	 83.769516	 388.120697	 480.150391	 84.928963	 388.511230	 500.245026	 71.716827
421.080505	 448.662598	 72.144882	 421.164734	 550.537109	 70.831314	 388.915527	 520.375305	 83.768936	 388.118256	 480.149872	 84.924408	 388.510468	 500.244141	 71.717751
419.657135	 449.799835	 72.090668	 419.889648	 550.468384	 69.764610	 388.896454	 520.375549	 83.763351	 388.103271	 480.149963	 84.915909	 388.495880	 500.242920	 71.710449
418.374969	 450.969452	 72.053696	 418.725250	 550.157776	 68.622528	 388.835999	 520.377991	 83.755753	 388.046570	 480.154297	 84.907509	 388.443390	 500.245270	 71.704544
417.219482	 452.296204	 72.114143	 417.839417	 549.771179	 67.550690	 388.770416	 520.376282	 83.745697	 387.991699	 480.152557	 84.895332	 388.388336	 500.245087	 71.694458
416.192352	 453.729431	 72.173874	 417.153473	 549.411865	 66.712067	 388.737183	 520.374390	 83.745422	 387.974274	 480.147766	 84.897499	 388.361694	 500.239105	 71.695374
415.282532	 455.165863	 72.104759	 416.562866	 549.011047	 66.095345	 388.730591	 520.372131	 83.753700	 387.977112	 480.146667	 84.899887	 388.354675	 500.234711	 71.702171
414.472351	 456.628845	 71.905670	 415.959595	 548.353394	 65.568504	 388.738007	 520.367615	 83.758324	 387.986664	 480.144348	 84.903282	 388.363068	 500.234283	 71.702774
413.767883	 458.133240	 71.575409	 415.252136	 547.327515	 65.032829	 388.733917	 520.366882	 83.761543	 387.979645	 480.142761	 84.909264	 388.361206	 500.234436	 71.700310
413.167603	 459.641907	 71.248558	 414.534729	 546.097046	 64.491852	 388.725006	 520.367371	 83.759827	 387.970856	 480.141602	 84.906715	 388.352173	 500.233276	 71.697357
412.670807	 461.112061	 71.073769	 413.946259	 544.827820	 64.000885	 388.721649	 520.365967	 83.753708	 387.969574	 480.141541	 84.900383	 388.347839	 500.232361	 71.697769
412.256348	 462.220795	 71.052834	 413.502014	 543.471863	 63.518238	 388.702240	 520.371582	 83.750259	 387.951996	 480.148438	 84.891899	 388.329254	 500.236664	 71.695816
411.892639	 462.705414	 71.103004	 413.133789	 542.016602	 63.032124	 388.637329	 520.380005	 83.737808	 387.885773	 480.153412	 84.878738	 388.271637	 500.241516	 71.681374
411.579803	 462.921234	 71.112389	 413.044708	 541.319702	 62.981647	 388.484955	 520.377808	 83.728439	 387.732635	 480.151337	 84.862137	 388.139069	 500.240295	 71.660072
411.053711	 463.103516	 71.068398	 413.443451	 541.242676	 63.695248	 388.134247	 520.330444	 83.709297	 387.307129	 480.105133	 84.842529	 387.784393	 500.198364	 71.648521
410.829498	 463.106018	 71.069977	 413.484802	 541.075806	 64.059402	 388.041107	 520.260925	 83.715965	 387.126953	 480.038116	 84.847771	 387.644409	 500.128387	 71.653961
410.631531	 463.046051	 71.054535	 413.409760	 540.836060	 64.329781	 387.956696	 520.165100	 83.728485	 386.945862	 479.947083	 84.863068	 387.499878	 500.033966	 71.667320
410.468231	 462.971924	 71.032066	 413.259277	 540.585815	 64.588463	 387.858704	 520.057495	 83.736900	 386.771301	 479.840546	 84.870865	 387.359802	 499.925385	 71.677856
410.319275	 462.926971	 71.072052	 413.090912	 540.368774	 64.846474	 387.751434	 519.956665	 83.741531	 386.618622	 479.741974	 84.876465	 387.231842	 499.824768	 71.684891
410.187775	 462.914734	 71.164001	 412.925720	 540.193787	 65.066025	 387.640320	 519.872559	 83.749603	 386.481689	 479.659637	 84.883133	 387.105225	 499.741577	 71.691093
410.060760	 462.921936	 71.279945	 412.733337	 540.054321	 65.264626	 387.511780	 519.815674	 83.749611	 386.336365	 479.600098	 84.882477	 386.974579	 499.682159	 71.694695
409.927856	 462.945770	 71.403755	 412.528748	 539.952332	 65.428452	 387.353699	 519.779236	 83.747444	 386.169617	 479.566589	 84.877991	 386.827271	 499.646790	 71.699432
409.784302	 462.980835	 71.523956	 412.333740	 539.888123	 65.556915	 387.176788	 519.763977	 83.742416	 385.990112	 479.554321	 84.873512	 386.675598	 499.635284	 71.685593
409.632111	 463.021759	 71.647987	 412.141327	 539.849854	 65.683281	 386.988312	 519.764587	 83.741684	 385.796783	 479.554230	 84.879311	 386.507843	 499.634583	 71.688393
409.475037	 463.058075	 71.799355	 411.934692	 539.812805	 65.826408	 386.782166	 519.758118	 83.753883	 385.590332	 479.546844	 84.890892	 386.325592	 499.629852	 71.706001
409.308411	 463.095734	 72.002205	 411.701721	 539.792297	 65.999718	 386.528259	 519.743652	 83.788292	 385.367523	 479.529968	 84.917648	 386.128845	 499.614777	 71.729996
409.123840	 463.169006	 72.322800	 411.467194	 539.807434	 66.248184	 386.244781	 519.766907	 83.899193	 385.126740	 479.550659	 85.038681	 385.920807	 499.627655	 71.849998
408.927063	 463.301270	 72.858002	 411.269379	 539.871521	 66.671799	 386.004974	 519.889893	 84.168198	 384.882538	 479.675934	 85.375542	 385.730713	 499.730164	 72.167686
408.740601	 463.503693	 73.687805	 411.145569	 539.996338	 67.290573	 385.841553	 520.136292	 84.693138	 384.657990	 479.930298	 86.018745	 385.585999	 499.941132	 72.746437
408.561066	 463.766907	 74.847771	 411.070587	 540.167847	 68.160324	 385.740814	 520.481995	 85.506813	 384.467865	 480.281006	 87.002846	 385.478333	 500.236053	 73.639023
408.393860	 464.062683	 76.337379	 411.013245	 540.370667	 69.292732	 385.681854	 520.881287	 86.623100	 384.312042	 480.689423	 88.327515	 385.392334	 500.569580	 74.870750
408.238220	 464.371185	 78.157143	 410.948517	 540.589050	 70.679131	 385.632202	 521.301941	 88.045418	 384.163788	 481.129364	 89.999947	 385.302734	 500.915771	 76.423332
408.074280	 464.665131	 80.248337	 410.854340	 540.796875	 72.333199	 385.563660	 521.702576	 89.779984	 384.023590	 481.545715	 91.992722	 385.194977	 501.242859	 78.288506
407.911499	 464.908966	 82.586983	 410.715607	 540.971191	 74.276192	 385.473022	 522.040710	 91.826332	 383.886627	 481.896515	 94.279434	 385.069336	 501.512939	 80.458923
407.742371	 465.093262	 85.168510	 410.513824	 541.094421	 76.557411	 385.340515	 522.286560	 94.211586	 383.734314	 482.158691	 96.849976	 384.901581	 501.709778	 82.941917
407.550232	 465.205597	 88.004173	 410.241730	 541.158386	 79.213661	 385.162781	 522.420593	 96.950241	 383.567535	 482.300598	 99.698364	 384.701538	 501.814209	 85.728371
407.342010	 465.241913	 91.095024	 409.920837	 541.166016	 82.195778	 384.941345	 522.446411	 100.026878	 383.383942	 482.324493	 102.834496	 384.461090	 501.821960	 88.826485
407.124573	 465.231079	 94.436386	 409.560303	 541.130615	 85.515259	 384.691681	 522.392578	 103.431633	 383.192566	 482.268036	 106.255295	 384.197693	 501.766754	 92.237930
406.892273	 465.163452	 98.097557	 409.161041	 541.053040	 89.216393	 384.419373	 522.269714	 107.189476	 382.991180	 482.141754	 109.993591	 383.918213	 501.654999	 95.978966
406.664581	 465.043732	 102.083504	 408.720856	 540.937012	 93.307838	 384.113739	 522.075623	 111.327461	 382.792114	 481.945953	 114.050995	 383.621338	 501.481689	 100.070381
406.461212	 464.895294	 106.470573	 408.248596	 540.788025	 97.785484	 383.792480	 521.826904	 115.834633	 382.589478	 481.687347	 118.481781	 383.303680	 501.254456	 104.542038
406.283936	 464.722870	 111.220718	 407.784882	 540.620605	 102.617332	 383.481995	 521.548157	 120.712112	 382.409668	 481.401276	 123.269814	 383.006012	 501.004028	 109.366089
406.116089	 464.534637	 116.217178	 407.361603	 540.453308	 107.777740	 383.230286	 521.284790	 125.923805	 382.283112	 481.133087	 128.396408	 382.749298	 500.762543	 114.542763
405.993896	 464.356689	 121.538246	 406.995087	 540.282410	 113.250816	 383.052673	 521.031738	 131.476685	 382.213501	 480.871582	 133.880875	 382.537659	 500.529724	 120.059982
405.912964	 464.154266	 127.154739	 406.673157	 540.087952	 119.014183	 382.927460	 520.750916	 137.377548	 382.195770	 480.583893	 139.696793	 382.373047	 500.271149	 125.912842
405.867065	 463.915833	 133.054230	 406.366730	 539.863464	 125.071388	 382.841431	 520.424561	 143.574707	 382.229797	 480.245117	 145.816040	 382.245850	 499.969208	 132.078201
405.874481	 463.636993	 139.197281	 406.067993	 539.591187	 131.417999	 382.791870	 520.037659	 150.060410	 382.316040	 479.848206	 152.209564	 382.149567	 499.611664	 138.520325
405.929749	 463.299316	 145.566498	 405.803864	 539.272827	 138.004410	 382.780975	 519.589417	 156.815979	 382.456177	 479.393951	 158.848755	 382.088745	 499.195190	 145.230103
406.041656	 462.911530	 152.157013	 405.577667	 538.910583	 144.812637	 382.822876	 519.080566	 163.816376	 382.664703	 478.876404	 165.725998	 382.085938	 498.723083	 152.172638
406.228241	 462.482544	 158.958221	 405.395172	 538.495544	 151.847549	 382.939911	 518.519897	 171.036575	 382.954529	 478.303986	 172.823624	 382.153931	 498.197845	 159.334747
406.495239	 462.024719	 165.948135	 405.287170	 538.053955	 159.058456	 383.137848	 517.933777	 178.464462	 383.333832	 477.712891	 180.133545	 382.297089	 497.644165	 166.705429
406.844940	 461.554901	 173.113037	 405.265015	 537.597656	 166.415115	 383.438202	 517.345825	 186.056824	 383.815338	 477.125244	 187.628082	 382.530243	 497.085297	 174.261658
407.272522	 461.064728	 180.426285	 405.327942	 537.123108	 173.893112	 383.848816	 516.749084	 193.778809	 384.397736	 476.526428	 195.264420	 382.860840	 496.508484	 181.953735
407.790741	 460.552856	 187.835983	 405.482666	 536.624268	 181.448242	 384.350433	 516.135437	 201.608231	 385.075714	 475.915070	 203.009506	 383.283569	 495.911926	 189.753799
408.383972	 460.004211	 195.328064	 405.717896	 536.086731	 189.078125	 384.944794	 515.485718	 209.502579	 385.841949	 475.268127	 210.834702	 383.790710	 495.279205	 197.642532
409.055908	 459.405945	 202.846054	 406.024506	 535.506897	 196.759552	 385.615784	 514.783508	 217.445572	 386.689484	 474.563873	 218.695435	 384.378357	 494.592682	 205.566650
409.809265	 458.775543	 210.343994	 406.398071	 534.890198	 204.452148	 386.353577	 514.038330	 225.395584	 387.607513	 473.818024	 226.556107	 385.039459	 493.864716	 213.490768
410.635162	 458.110535	 217.833679	 406.845734	 534.235168	 212.137283	 387.170105	 513.247131	 233.317413	 388.604523	 473.029266	 234.374069	 385.776886	 493.096802	 221.384415
411.539886	 457.413391	 225.273666	 407.380951	 533.547607	 219.780136	 388.072815	 512.425049	 241.178482	 389.681915	 472.211426	 242.124008	 386.600677	 492.299225	 229.222153
412.514587	 456.699921	 232.641098	 408.018921	 532.842590	 227.343018	 389.069305	 511.601318	 248.951706	 390.833466	 471.393829	 249.808273	 387.521942	 491.498810	 236.976578
413.564667	 455.981415	 239.924057	 408.760956	 532.124451	 234.792130	 390.154999	 510.789795	 256.611542	 392.061707	 470.587677	 257.374268	 388.529175	 490.702942	 244.619339
414.669983	 455.253723	 247.075317	 409.587067	 531.400085	 242.096756	 391.313019	 509.997437	 264.100128	 393.338776	 469.797424	 264.791809	 389.601715	 489.917511	 252.105896
415.815247	 454.521118	 254.054733	 410.484802	 530.668518	 249.219330	 392.510712	 509.204041	 271.390594	 394.640839	 469.007507	 272.032562	 390.727509	 489.135529	 259.390839
416.994415	 453.772858	 260.821625	 411.429047	 529.922119	 256.121918	 393.727997	 508.395264	 278.442413	 395.963074	 468.203644	 279.016907	 391.890320	 488.340179	 266.425079
418.193451	 453.022797	 267.336151	 412.403076	 529.170776	 262.791595	 394.952820	 507.586487	 285.219177	 397.285431	 467.400360	 285.716919	 393.066589	 487.545471	 273.183594
419.405945	 452.286774	 273.577637	 413.398224	 528.427856	 269.187531	 396.173553	 506.786652	 291.688934	 398.591919	 466.605682	 292.119019	 394.249176	 486.760620	 279.634979
420.619598	 451.566956	 279.511566	 414.394135	 527.706970	 275.257568	 397.370514	 506.002533	 297.820190	 399.878571	 465.823181	 298.184296	 395.421722	 485.987274	 285.747437
421.822144	 450.887909	 285.095428	 415.371399	 527.017090	 280.973785	 398.533234	 505.255188	 303.580231	 401.133728	 465.079712	 303.894348	 396.567993	 485.249451	 291.498108
423.001678	 450.250183	 290.320251	 416.323547	 526.363831	 286.308502	 399.659637	 504.557587	 308.944183	 402.353760	 464.390564	 309.224182	 397.687103	 484.557434	 296.863220
424.142975	 449.664703	 295.168945	 417.249481	 525.767334	 291.223206	 400.744446	 503.931824	 313.886932	 403.535309	 463.772644	 314.142944	 398.770538	 483.926453	 301.812927
425.233917	 449.151611	 299.602905	 418.139130	 525.243713	 295.683502	 401.777893	 503.393890	 318.384827	 404.659119	 463.241486	 318.647400	 399.808807	 483.381042	 306.317810
426.261780	 448.719086	 303.591187	 418.970520	 524.802917	 299.667450	 402.751404	 502.946320	 322.408661	 405.713928	 462.798035	 322.706055	 400.782288	 482.919464	 310.361572
427.215515	 448.375122	 307.104340	 419.736572	 524.451050	 303.156189	 403.645081	 502.585632	 325.953522	 406.694855	 462.442932	 326.287659	 401.678741	 482.541168	 313.939392
428.084869	 448.112701	 310.121002	 420.436371	 524.173340	 306.158783	 404.461060	 502.299408	 329.011078	 407.589905	 462.165131	 329.372833	 402.501007	 482.244415	 317.019714
428.863617	 447.922852	 312.626862	 421.069031	 523.969727	 308.662262	 405.205597	 502.088928	 331.557312	 408.390472	 461.958679	 331.944580	 403.242126	 482.022675	 319.588287
429.528900	 447.797791	 314.603607	 421.643005	 523.841125	 310.641571	 405.865906	 501.957428	 333.588654	 409.094635	 461.832550	 333.974945	 403.890198	 481.884888	 321.627411
430.070862	 447.713135	 316.007965	 422.157715	 523.762329	 312.084808	 406.445160	 501.878082	 335.070313	 409.684113	 461.755585	 335.440552	 404.445007	 481.806458	 323.106354
430.482941	 447.625916	 316.795288	 422.592773	 523.692932	 312.984314	 406.920807	 501.793365	 335.987732	 410.137421	 461.666565	 336.315125	 404.884491	 481.732941	 324.009888
430.745056	 447.500061	 316.932526	 422.915863	 523.591370	 313.337158	 407.266907	 501.644531	 336.319550	 410.452026	 461.513550	 336.532745	 405.192352	 481.620514	 324.286987
430.850891	 447.319977	 316.386383	 423.102081	 523.442871	 313.121490	 407.461639	 501.405914	 336.033936	 410.608398	 461.271271	 336.062103	 405.354675	 481.438782	 323.913330
430.802521	 447.109894	 315.141418	 423.153809	 523.264038	 312.301392	 407.491730	 501.108795	 335.109314	 410.592072	 460.970856	 334.901184	 405.353638	 481.213928	 322.881348
430.601471	 446.899536	 313.232086	 423.072418	 523.076721	 310.862640	 407.354553	 500.791840	 333.537872	 410.395508	 460.649902	 333.064270	 405.196777	 480.981934	 321.175110
430.244751	 446.710388	 310.706360	 422.865692	 522.912476	 308.788849	 407.045471	 500.499664	 331.308044	 410.014862	 460.353271	 330.578247	 404.885040	 480.775848	 318.800903
429.741364	 446.575745	 307.585175	 422.532593	 522.800476	 306.074493	 406.567474	 500.278656	 328.408539	 409.460602	 460.132080	 327.447845	 404.413635	 480.634277	 315.776398
429.106720	 446.504761	 303.901886	 422.059998	 522.740906	 302.730438	 405.913635	 500.135101	 324.853516	 408.729340	 459.990417	 323.697266	 403.786194	 480.560760	 312.113770
428.339600	 446.490509	 299.686462	 421.442810	 522.737183	 298.761383	 405.074402	 500.070068	 320.659332	 407.822723	 459.924377	 319.358032	 403.009705	 480.551422	 307.824432
427.457916	 446.538818	 294.961853	 420.693970	 522.796448	 294.191681	 404.062073	 500.087006	 315.858826	 406.765991	 459.941864	 314.452209	 402.094879	 480.608032	 302.945892
426.492096	 446.649017	 289.757843	 419.831543	 522.906189	 289.061615	 402.913574	 500.179840	 310.487946	 405.586060	 460.036163	 309.027985	 401.066650	 480.728119	 297.513245
425.464935	 446.817505	 284.111938	 418.879364	 523.071594	 283.416840	 401.658844	 500.344177	 304.589111	 404.312897	 460.197662	 303.124329	 399.957214	 480.903717	 291.574799
424.401825	 447.051605	 278.092926	 417.862732	 523.297668	 277.310059	 400.332428	 500.582184	 298.227325	 402.985474	 460.433441	 296.794952	 398.795837	 481.142151	 285.188354
423.332001	 447.368805	 271.753967	 416.825165	 523.600342	 270.797455	 398.987396	 500.922241	 291.470917	 401.645172	 460.772186	 290.116425	 397.620850	 481.464508	 278.434448
422.266052	 447.774170	 265.138367	 415.806549	 523.994080	 263.925995	 397.664368	 501.386963	 284.371918	 400.319519	 461.231842	 283.151459	 396.468506	 481.895447	 271.372589
421.213409	 448.247406	 258.273163	 414.826233	 524.454651	 256.743805	 396.378937	 501.943512	 276.993500	 399.016266	 461.782684	 275.940674	 395.340851	 482.407318	 264.044556
420.186066	 448.753571	 251.178864	 413.883118	 524.946289	 249.329956	 395.137238	 502.531860	 269.386932	 397.742310	 462.366730	 268.502594	 394.242615	 482.947388	 256.499847
419.175934	 449.264099	 243.884140	 412.976532	 525.447998	 241.741272	 393.941101	 503.117859	 261.602051	 396.500275	 462.946228	 260.874817	 393.181671	 483.495575	 248.763550
418.191254	 449.773041	 236.415176	 412.124481	 525.945435	 234.027573	 392.802155	 503.688812	 253.689911	 395.310516	 463.514954	 253.082809	 392.176605	 484.044647	 240.875687
417.246582	 450.270020	 228.798157	 411.338684	 526.443665	 226.230026	 391.734772	 504.248596	 245.689835	 394.187347	 464.071045	 245.155869	 391.226227	 484.584869	 232.898651
416.348206	 450.743958	 221.072418	 410.626801	 526.915161	 218.403610	 390.750763	 504.775482	 237.646210	 393.120972	 464.590820	 237.157761	 390.336121	 485.103790	 224.866974
415.509216	 451.174530	 213.279068	 409.994080	 527.341431	 210.586151	 389.845459	 505.240265	 229.606339	 392.124786	 465.049835	 229.121948	 389.526093	 485.575043	 216.813324
414.721405	 451.572083	 205.476791	 409.423584	 527.740784	 202.804214	 389.010773	 505.664551	 221.580002	 391.202026	 465.472260	 221.060333	 388.780426	 486.014191	 208.762085
413.992188	 451.965149	 197.718399	 408.921265	 528.132141	 195.076538	 388.246246	 506.085724	 213.595581	 390.339661	 465.888733	 213.030548	 388.098022	 486.456268	 200.742615
413.327484	 452.354279	 190.044281	 408.488312	 528.521179	 187.412430	 387.545074	 506.515259	 205.692413	 389.536163	 466.310974	 205.099106	 387.480072	 486.896515	 192.811966
412.726471	 452.748596	 182.516022	 408.100098	 528.917236	 179.853241	 386.902008	 506.956055	 197.891800	 388.800110	 466.751526	 197.296402	 386.925385	 487.343201	 185.001663
412.201813	 453.178040	 175.181534	 407.770752	 529.336548	 172.415665	 386.325134	 507.432922	 190.228088	 388.137512	 467.227417	 189.674561	 386.448517	 487.820343	 177.336060
411.753296	 453.657318	 168.100586	 407.516266	 529.806030	 165.120590	 385.833496	 507.989410	 182.740646	 387.552917	 467.775421	 182.281097	 386.042908	 488.349121	 169.888275
411.363953	 454.197906	 161.280426	 407.341156	 530.334778	 158.001831	 385.432373	 508.637817	 175.466080	 387.048248	 468.418671	 175.148758	 385.707245	 488.949371	 162.685837
411.029236	 454.779572	 154.741501	 407.235260	 530.897034	 151.111069	 385.108368	 509.340790	 168.438995	 386.616669	 469.120239	 168.305923	 385.445953	 489.597961	 155.752701
410.748169	 455.375427	 148.504013	 407.175995	 531.473389	 144.489822	 384.840363	 510.069000	 161.704407	 386.240784	 469.843048	 161.774323	 385.238464	 490.265472	 149.110657
410.534790	 455.969482	 142.692734	 407.146576	 532.044067	 138.159332	 384.614197	 510.787659	 155.274277	 385.913635	 470.558624	 155.552887	 385.069000	 490.918213	 142.781036
410.378204	 456.548004	 137.209198	 407.129761	 532.590393	 132.161545	 384.418396	 511.464874	 149.172150	 385.634155	 471.236725	 149.645081	 384.936676	 491.537842	 136.778854
410.212219	 457.110352	 131.866257	 407.144043	 533.127991	 126.514854	 384.268372	 512.130920	 143.420532	 385.396454	 471.903961	 144.087112	 384.844543	 492.147614	 131.112762
410.079376	 457.680603	 126.923058	 407.212921	 533.671692	 121.222328	 384.182373	 512.812134	 138.036224	 385.208954	 472.587769	 138.887253	 384.796631	 492.770325	 125.819511
409.989380	 458.263336	 122.320938	 407.326874	 534.223877	 116.315964	 384.149048	 513.495544	 133.056717	 385.077667	 473.276367	 134.066299	 384.791992	 493.403076	 120.921127
409.923798	 458.845184	 118.086449	 407.472198	 534.779175	 111.817177	 384.164642	 514.179016	 128.493378	 384.984467	 473.966034	 129.637558	 384.817810	 494.043915	 116.420662
409.872650	 459.422943	 114.181984	 407.644440	 535.334473	 107.703545	 384.223907	 514.848511	 124.327843	 384.927063	 474.638428	 125.578438	 384.867706	 494.681122	 112.313889
409.834076	 459.986053	 110.571175	 407.811462	 535.884583	 103.967987	 384.300903	 515.485474	 120.551697	 384.895172	 475.272980	 121.879852	 384.924866	 495.294983	 108.575867
409.793304	 460.518494	 107.250183	 407.940582	 536.408508	 100.613060	 384.374420	 516.072266	 117.160515	 384.875488	 475.859100	 118.519203	 384.960693	 495.869568	 105.206291
409.744843	 461.006775	 104.197479	 408.035522	 536.896362	 97.598190	 384.434875	 516.593079	 114.148064	 384.858429	 476.373810	 115.496841	 384.975006	 496.395142	 102.185516
409.686035	 461.455444	 101.411118	 408.103760	 537.360413	 94.888542	 384.483917	 517.067261	 111.470688	 384.845734	 476.843903	 112.780235	 384.967255	 496.879669	 99.491608
409.620941	 461.877960	 98.874512	 408.157623	 537.805908	 92.468536	 384.534851	 517.512329	 109.096046	 384.836395	 477.287292	 110.340607	 384.953186	 497.342865	 97.085617
409.555023	 462.283234	 96.555550	 408.206055	 538.232483	 90.275146	 384.587646	 517.936584	 106.978348	 384.827545	 477.706757	 108.150192	 384.935760	 497.791901	 94.924171
409.481323	 462.673370	 94.452171	 408.251556	 538.646179	 88.257332	 384.637787	 518.346863	 105.051773	 384.827271	 478.117615	 106.148582	 384.906036	 498.222443	 92.977837
409.402588	 463.047363	 92.530060	 408.278046	 539.035217	 86.411148	 384.674683	 518.735840	 103.296677	 384.813751	 478.506744	 104.333145	 384.867401	 498.626709	 91.199532
409.311707	 463.395782	 90.754120	 408.296326	 539.403809	 84.693787	 384.701050	 519.114502	 101.661095	 384.781525	 478.882904	 102.666481	 384.822510	 499.012787	 89.545471
409.208618	 463.722595	 89.101471	 408.314117	 539.747192	 83.057014	 384.713593	 519.481140	 100.096756	 384.731262	 479.248596	 101.100784	 384.770721	 499.383240	 87.974907
409.100983	 464.018433	 87.532341	 408.307037	 540.049866	 81.481178	 384.693420	 519.809326	 98.587204	 384.657959	 479.576447	 99.599487	 384.700745	 499.713196	 86.471062
408.971588	 464.281097	 86.045898	 408.255707	 540.321106	 79.967110	 384.622803	 520.099426	 97.109734	 384.550842	 479.864288	 98.142303	 384.602844	 499.998352	 85.002792
408.821259	 464.519257	 84.629433	 408.159058	 540.557983	 78.511993	 384.503662	 520.363831	 95.646019	 384.409393	 480.124939	 96.699432	 384.474213	 500.250763	 83.559425
408.670013	 464.738098	 83.254501	 408.049286	 540.768616	 77.069710	 384.358185	 520.601501	 94.190590	 384.245331	 480.361359	 95.278091	 384.334747	 500.477448	 82.127014
408.515381	 464.943390	 81.944206	 407.955688	 540.973511	 75.654900	 384.210541	 520.831360	 92.767082	 384.073608	 480.593414	 93.906670	 384.200500	 500.693298	 80.725700
408.365631	 465.134460	 80.724167	 407.880341	 541.159241	 74.323982	 384.077606	 521.056763	 91.403801	 383.907959	 480.822357	 92.599693	 384.083282	 500.901550	 79.377708
408.240570	 465.302216	 79.586517	 407.811951	 541.313904	 73.113197	 383.963654	 521.252441	 90.128250	 383.757843	 481.021210	 91.378609	 383.983459	 501.083038	 78.124237
408.135345	 465.446472	 78.552376	 407.769196	 541.448730	 72.002281	 383.864838	 521.417419	 88.983398	 383.630096	 481.187347	 90.274696	 383.899963	 501.236145	 77.003365
408.048767	 465.566101	 77.632935	 407.748779	 541.560669	 71.007011	 383.802521	 521.566223	 87.961815	 383.534119	 481.334259	 89.283966	 383.841522	 501.371338	 76.008064
407.981445	 465.661621	 76.793602	 407.728546	 541.655457	 70.142120	 383.761505	 521.687927	 87.062027	 383.464172	 481.456818	 88.400658	 383.801636	 501.489594	 75.120071
407.921173	 465.733429	 76.027779	 407.685303	 541.723267	 69.371811	 383.715637	 521.767761	 86.267342	 383.408112	 481.541901	 87.599777	 383.758301	 501.571930	 74.321861
407.866547	 465.770294	 75.303154	 407.627991	 541.753662	 68.656616	 383.671082	 521.799927	 85.552193	 383.362976	 481.574615	 86.862190	 383.708466	 501.606934	 73.596596
407.816467	 465.766174	 74.611298	 407.564514	 541.754150	 67.977997	 383.619812	 521.786987	 84.904427	 383.317322	 481.555939	 86.208618	 383.648956	 501.596283	 72.938698
407.766327	 465.733154	 73.961098	 407.484772	 541.724609	 67.348831	 383.571014	 521.734131	 84.312775	 383.281158	 481.500366	 85.608505	 383.582062	 501.551422	 72.345085
407.735809	 465.629395	 73.349579	 407.411530	 541.633911	 66.811836	 383.554596	 521.609741	 83.836899	 383.282074	 481.370697	 85.062363	 383.545776	 501.441376	 71.834366
407.766632	 465.514801	 73.015610	 407.423126	 541.562744	 66.627281	 383.626831	 521.487915	 83.737053	 383.373230	 481.246826	 84.873657	 383.584656	 501.336029	 71.664268
407.856995	 465.498993	 73.014297	 407.557831	 541.516785	 66.683846	 383.830505	 521.458923	 83.922745	 383.544067	 481.228241	 85.041084	 383.698608	 501.332275	 71.839302
407.913483	 465.445404	 72.986450	 407.649170	 541.475403	 66.642273	 383.966492	 521.437988	 84.013145	 383.647125	 481.207550	 85.143425	 383.766693	 501.308807	 71.940117
407.948944	 465.366333	 73.009483	 407.648804	 541.400879	 66.654388	 384.001038	 521.352905	 84.060036	 383.701233	 481.119476	 85.201591	 383.782837	 501.218933	 71.994705
407.977051	 465.292450	 73.071617	 407.648224	 541.313660	 66.703293	 384.026398	 521.263245	 84.102089	 383.745209	 481.027679	 85.242477	 383.811951	 501.130432	 72.047096
407.964508	 465.225250	 73.052704	 407.634430	 541.260559	 66.690208	 384.008118	 521.209351	 84.082542	 383.721954	 480.972931	 85.217934	 383.788544	 501.073151	 72.035645
407.946259	 465.182861	 73.057350	 407.612640	 541.219604	 66.689140	 383.990723	 521.172363	 84.061806	 383.701294	 480.934875	 85.204941	 383.763489	 501.032898	 72.028572
407.932495	 465.150085	 73.071342	 407.596161	 541.198486	 66.678886	 383.970703	 521.146362	 84.051537	 383.686523	 480.909576	 85.188492	 383.745850	 501.008179	 72.018555
407.921844	 465.137482	 73.078568	 407.593933	 541.204712	 66.669983	 383.956726	 521.144836	 84.047737	 383.671997	 480.906799	 85.183441	 383.736389	 501.006042	 72.005768
407.933899	 465.136536	 73.090630	 407.619293	 541.214294	 66.677246	 383.972931	 521.148010	 84.053062	 383.683075	 480.910400	 85.196480	 383.750275	 501.010620	 72.009689
407.964966	 465.112244	 73.115517	 407.663300	 541.224426	 66.681091	 384.004547	 521.142883	 84.064034	 383.715576	 480.907593	 85.202156	 383.777405	 501.007416	 72.023102
408.026886	 465.082275	 73.159172	 407.736206	 541.242310	 66.674675	 384.060089	 521.144470	 84.087173	 383.774963	 480.910309	 85.222588	 383.827515	 501.008270	 72.048447
408.147217	 465.046692	 73.261963	 407.847809	 541.254761	 66.671097	 384.155090	 521.139587	 84.124786	 383.869141	 480.906891	 85.258034	 383.913757	 501.007782	 72.078201
408.300873	 465.002106	 73.356270	 407.993988	 541.271118	 66.668335	 384.288025	 521.135010	 84.176018	 383.999207	 480.901642	 85.310036	 384.028839	 501.002625	 72.128136
408.456207	 464.952972	 73.329285	 408.167847	 541.291870	 66.674797	 384.447052	 521.132324	 84.242561	 384.158325	 480.900513	 85.376518	 384.167725	 501.000427	 72.187897
408.645935	 464.879517	 73.315575	 408.368103	 541.316833	 66.675842	 384.626770	 521.125366	 84.319283	 384.333588	 480.892242	 85.456657	 384.330322	 500.997772	 72.257172
408.874359	 464.788422	 73.325523	 408.587494	 541.354004	 66.669838	 384.811432	 521.122437	 84.400604	 384.517273	 480.887299	 85.537323	 384.498871	 500.994263	 72.331848
409.138794	 464.671326	 73.383263	 408.799347	 541.395325	 66.656464	 384.976105	 521.116455	 84.472916	 384.683563	 480.882935	 85.604630	 384.640839	 500.988495	 72.400902
409.429108	 464.527069	 73.440338	 408.998962	 541.444519	 66.635620	 385.136047	 521.114014	 84.526443	 384.840210	 480.876801	 85.663536	 384.775360	 500.982330	 72.465485
409.736816	 464.355438	 73.506241	 409.187286	 541.511841	 66.591492	 385.266846	 521.113708	 84.578682	 384.975708	 480.874969	 85.716240	 384.897827	 500.981842	 72.521469
410.073517	 464.138824	 73.597992	 409.350586	 541.590759	 66.512314	 385.343597	 521.107666	 84.610001	 385.056885	 480.870514	 85.745026	 384.968292	 500.977875	 72.553169
410.444855	 463.879639	 73.688690	 409.490814	 541.689880	 66.384476	 385.365631	 521.099426	 84.604965	 385.084961	 480.861115	 85.742203	 384.988464	 500.966888	 72.554962
410.839294	 463.575867	 73.713425	 409.615967	 541.808411	 66.198051	 385.326965	 521.086182	 84.577026	 385.065338	 480.846436	 85.713997	 384.965118	 500.953918	 72.524445
411.289520	 463.258759	 73.756302	 409.746735	 541.947937	 65.953087	 385.238953	 521.061279	 84.526146	 385.001526	 480.822174	 85.665070	 384.902924	 500.928284	 72.470093
411.786377	 462.955292	 73.750320	 409.893951	 542.140137	 65.673065	 385.061523	 521.033813	 84.434074	 384.847900	 480.796356	 85.574463	 384.763611	 500.900696	 72.374451
412.327209	 462.629974	 73.644279	 410.092102	 542.422119	 65.388626	 384.734497	 521.015442	 84.283875	 384.539124	 480.780151	 85.420113	 384.496643	 500.886200	 72.204147
412.953491	 462.146179	 73.543732	 410.529846	 542.701660	 64.472542	 384.128998	 520.997253	 83.999588	 383.955170	 480.762848	 85.129692	 383.980011	 500.866333	 71.926773
413.738739	 461.471436	 73.647263	 411.488220	 543.532776	 63.278454	 383.464661	 520.981934	 83.796425	 383.311005	 480.744720	 84.923119	 383.388580	 500.841492	 71.730347
414.719543	 460.624847	 74.030792	 412.702881	 545.229248	 63.229767	 383.305237	 520.962708	 83.802368	 383.190582	 480.723785	 84.940865	 383.243103	 500.822693	 71.758469
415.885010	 459.727692	 74.524040	 414.074341	 547.543701	 64.026833	 383.415192	 520.947205	 83.824242	 383.333984	 480.706970	 84.963249	 383.354553	 500.806915	 71.782715
417.197510	 459.011047	 75.070740	 415.635406	 550.120789	 64.981979	 383.387177	 520.950500	 83.813248	 383.298553	 480.709625	 84.958679	 383.324890	 500.810577	 71.774902
418.667633	 458.498657	 75.643272	 417.225586	 552.546509	 66.076248	 383.378662	 520.949341	 83.815086	 383.290833	 480.710052	 84.952759	 383.311554	 500.810791	 71.771072
420.312317	 458.229645	 76.253845	 418.744843	 554.590820	 67.324181	 383.387360	 520.945923	 83.819313	 383.299957	 480.707764	 84.958054	 383.327698	 500.808197	 71.770851
422.117706	 458.232269	 76.868462	 420.237854	 556.242493	 68.679268	 383.383484	 520.946838	 83.817398	 383.291779	 480.709778	 84.957176	 383.319000	 500.810638	 71.768463
424.089996	 458.448059	 77.398201	 421.866425	 557.604858	 70.052574	 383.389954	 520.946655	 83.815582	 383.300629	 480.708282	 84.956390	 383.324097	 500.810425	 71.773109
426.254913	 458.759949	 77.849144	 423.742126	 558.742920	 71.403992	 383.392273	 520.948059	 83.813316	 383.302185	 480.707977	 84.956535	 383.325867	 500.809631	 71.774895
428.669067	 459.080933	 78.276688	 425.829071	 559.557678	 72.720863	 383.395813	 520.949219	 83.818344	 383.308380	 480.711151	 84.954277	 383.332245	 500.811401	 71.773933
431.389282	 459.322083	 78.697624	 428.040497	 559.943420	 73.985207	 383.401184	 520.948853	 83.814964	 383.312775	 480.710876	 84.950203	 383.333923	 500.808960	 71.774094
434.452362	 459.403656	 79.188408	 430.408508	 559.941956	 75.175690	 383.404968	 520.950317	 83.812973	 383.316803	 480.711578	 84.951813	 383.338348	 500.809479	 71.773132
437.913025	 459.318146	 79.874100	 432.958008	 559.564270	 76.314537	 383.410675	 520.951843	 83.811081	 383.318604	 480.712067	 84.954689	 383.341492	 500.811920	 71.773743
441.777008	 459.097168	 80.817085	 435.685303	 558.778259	 77.431335	 383.415039	 520.950623	 83.814354	 383.322266	 480.709412	 84.954956	 383.348419	 500.811523	 71.776268
446.049927	 458.744812	 81.944794	 438.572754	 557.543945	 78.611069	 383.411682	 520.950928	 83.816505	 383.322479	 480.712219	 84.952065	 383.349976	 500.812805	 71.773384
450.752563	 458.196014	 83.164955	 441.577118	 555.760315	 79.919205	 383.412659	 520.950134	 83.812149	 383.325592	 480.712952	 84.949135	 383.349792	 500.811401	 71.772087
455.894714	 457.388824	 84.434891	 444.670258	 553.358459	 81.323807	 383.410645	 520.950012	 83.811295	 383.327911	 480.712097	 84.946800	 383.349701	 500.810394	 71.772026
461.480835	 456.248810	 85.667892	 447.858917	 550.320313	 82.743187	 383.410767	 520.952332	 83.809448	 383.325348	 480.713165	 84.944710	 383.345947	 500.813354	 71.766869
467.522186	 454.690338	 86.766434	 451.132141	 546.576172	 84.085457	 383.412811	 520.951233	 83.807198	 383.323212	 480.710815	 84.947464	 383.345886	 500.810699	 71.767326
474.041443	 452.684143	 87.589516	 454.539398	 542.101257	 85.206383	 383.409576	 520.949707	 83.813805	 383.322296	 480.712067	 84.953117	 383.345581	 500.810425	 71.768875
481.036743	 450.253235	 88.093254	 458.216156	 536.961304	 86.002678	 383.408936	 520.948975	 83.820625	 383.324585	 480.714172	 84.950798	 383.345184	 500.812561	 71.770454
488.506317	 447.511047	 88.309296	 462.293152	 531.194763	 86.364372	 383.412048	 520.948303	 83.814072	 383.326752	 480.711884	 84.946938	 383.348419	 500.809906	 71.771950
496.429718	 444.602661	 88.266502	 466.835724	 524.739563	 86.213791	 383.414001	 520.952148	 83.811005	 383.326660	 480.712738	 84.945885	 383.348755	 500.810944	 71.770195
504.806580	 441.589203	 87.914604	 471.921021	 517.542175	 85.506355	 383.415253	 520.950012	 83.812683	 383.326813	 480.711426	 84.949158	 383.349457	 500.809814	 71.774681
513.610901	 438.473114	 87.254921	 477.631866	 509.586639	 84.237106	 383.415924	 520.947327	 83.810715	 383.328735	 480.709442	 84.949066	 383.351746	 500.806854	 71.769531
522.803528	 435.241028	 86.263374	 484.073761	 500.954895	 82.399940	 383.414429	 520.949768	 83.813324	 383.329224	 480.712280	 84.948685	 383.350861	 500.807953	 71.772263
532.372498	 431.876373	 84.875801	 491.374969	 491.860901	 79.979515	 383.415771	 520.948792	 83.815948	 383.330475	 480.711182	 84.951447	 383.354034	 500.808289	 71.777458
542.294739	 428.444275	 83.073730	 499.609161	 482.533081	 77.021065	 383.418396	 520.950012	 83.809647	 383.331787	 480.710480	 84.949066	 383.353699	 500.808319	 71.774704
552.493103	 425.066528	 80.909813	 508.808105	 473.219208	 73.619659	 383.418823	 520.950195	 83.804947	 383.328033	 480.711456	 84.951332	 383.352905	 500.811768	 71.768959
562.853516	 421.846161	 78.473244	 518.893921	 464.272034	 69.898643	 383.411377	 520.948059	 83.813858	 383.325836	 480.709961	 84.948746	 383.350983	 500.811401	 71.767776
573.260437	 418.887512	 75.795921	 529.647766	 456.045990	 66.046516	 383.408081	 520.951721	 83.815544	 383.320557	 480.712036	 84.946175	 383.345245	 500.811157	 71.772896
583.620850	 416.208008	 72.920868	 540.801758	 448.724915	 62.259018	 383.409241	 520.953064	 83.808128	 383.317139	 480.712952	 84.950089	 383.342041	 500.809998	 71.772018
593.866699	 413.797882	 69.885773	 552.042786	 442.350555	 58.695000	 383.406952	 520.950928	 83.808342	 383.316040	 480.710510	 84.951859	 383.341370	 500.810974	 71.766029
603.889954	 411.709503	 66.712166	 563.089966	 437.045380	 55.356861	 383.404846	 520.951904	 83.810623	 383.313721	 480.711914	 84.951111	 383.338318	 500.813019	 71.769623
613.608765	 409.968414	 63.365204	 573.704834	 432.888550	 52.135143	 383.404053	 520.950684	 83.810310	 383.316620	 480.713135	 84.946442	 383.336945	 500.810730	 71.774094
622.970947	 408.588470	 59.816765	 583.758789	 429.792938	 48.994946	 383.402954	 520.950073	 83.809006	 383.316223	 480.712524	 84.945671	 383.337280	 500.810181	 71.768852
631.956848	 407.556183	 56.086239	 593.276917	 427.527039	 45.910725	 383.402557	 520.951599	 83.806259	 383.312958	 480.713257	 84.947258	 383.336212	 500.811829	 71.769501
640.536987	 406.849457	 52.228245	 602.365112	 425.813171	 42.834454	 383.402222	 520.948853	 83.812988	 383.315460	 480.712921	 84.946754	 383.334442	 500.809998	 71.774597
648.680542	 406.430389	 48.325775	 611.097900	 424.479645	 39.693863	 383.403046	 520.951233	 83.814583	 383.316437	 480.713898	 84.947395	 383.336395	 500.811554	 71.771309
656.420593	 406.236359	 44.413780	 619.461792	 423.409241	 36.505367	 383.403656	 520.952148	 83.808823	 383.316193	 480.714630	 84.948318	 383.339325	 500.813416	 71.769836
663.791077	 406.126190	 40.621990	 627.414429	 422.541168	 33.318123	 383.401825	 520.950684	 83.807877	 383.312897	 480.711578	 84.953125	 383.337524	 500.810669	 71.767723
670.839905	 405.995087	 37.002583	 634.925171	 421.813293	 30.199631	 383.398438	 520.952209	 83.811501	 383.310181	 480.711609	 84.952209	 383.334930	 500.812866	 71.767227
677.586426	 405.829498	 33.498093	 642.018494	 421.113983	 27.192507	 383.397919	 520.950928	 83.815079	 383.310272	 480.712372	 84.951202	 383.332916	 500.810730	 71.774704
684.042542	 405.619385	 30.087061	 648.717529	 420.409454	 24.273125	 383.397430	 520.951172	 83.815895	 383.310822	 480.711273	 84.950294	 383.330872	 500.809692	 71.777573
690.221802	 405.345520	 26.778164	 655.052673	 419.741241	 21.365494	 383.396118	 520.951782	 83.814171	 383.310089	 480.713806	 84.948753	 383.331177	 500.812683	 71.770271
696.128418	 405.002960	 23.580952	 661.111389	 419.133698	 18.388128	 383.394073	 520.948425	 83.815269	 383.308014	 480.712982	 84.947647	 383.330658	 500.811890	 71.767921
701.725403	 404.616119	 20.543930	 666.891174	 418.574707	 15.412630	 383.390961	 520.949158	 83.817924	 383.306152	 480.711670	 84.948029	 383.329712	 500.812561	 71.769875
706.968384	 404.242035	 17.689917	 672.335938	 418.064301	 12.532799	 383.389191	 520.951050	 83.818794	 383.302094	 480.711823	 84.957207	 383.328674	 500.814514	 71.771446
711.836304	 403.929382	 14.951890	 677.402710	 417.624817	 9.804505	 383.390198	 520.948669	 83.818680	 383.303009	 480.711060	 84.955009	 383.327972	 500.812164	 71.771500
716.334839	 403.710175	 12.265511	 682.055176	 417.284058	 7.279707	 383.391418	 520.950256	 83.814987	 383.304199	 480.713837	 84.949783	 383.328339	 500.811707	 71.768112
720.442139	 403.580933	 9.657960	 686.353027	 417.049713	 4.909425	 383.389893	 520.950989	 83.816673	 383.301361	 480.713348	 84.956375	 383.329803	 500.814423	 71.766457
724.168884	 403.520477	 7.157641	 690.359497	 416.879242	 2.654537	 383.389282	 520.948242	 83.819855	 383.303650	 480.711121	 84.952393	 383.328766	 500.811035	 71.769905
727.547241	 403.499023	 4.815640	 694.143677	 416.705811	 0.466427	 383.387726	 520.949097	 83.818367	 383.304901	 480.713684	 84.945427	 383.326019	 500.811188	 71.769669
730.592957	 403.480530	 2.698876	 697.715515	 416.492096	 -1.650009	 383.387787	 520.949158	 83.818039	 383.302429	 480.711700	 84.950500	 383.324280	 500.811157	 71.771385
733.357300	 403.451691	 0.736134	 700.992737	 416.262054	 -3.630019	 383.389679	 520.949768	 83.815186	 383.301239	 480.710876	 84.955551	 383.324432	 500.809082	 71.773193
735.873840	 403.408569	 -1.108554	 703.928955	 416.030182	 -5.449083	 383.388367	 520.950439	 83.816582	 383.301147	 480.713318	 84.954857	 383.327606	 500.812714	 71.768784
737.894531	 403.464294	 -1.986855	 705.901428	 415.682190	 -5.913728	 383.388367	 520.948303	 83.816811	 383.302338	 480.711639	 84.954735	 383.330139	 500.811951	 71.763565
739.359253	 403.791138	 -1.681913	 707.258728	 415.625763	 -5.492912	 383.390015	 520.949585	 83.811440	 383.302429	 480.711517	 84.949097	 383.326080	 500.808228	 71.766159
740.742310	 404.152191	 -1.473485	 709.050598	 415.705109	 -5.304900	 383.389893	 520.948120	 83.811195	 383.302948	 480.711792	 84.947037	 383.323547	 500.807678	 71.773552
742.122009	 404.390869	 -1.358365	 711.055054	 415.785187	 -5.257720	 383.393829	 520.946472	 83.810371	 383.308502	 480.709625	 84.948959	 383.328888	 500.806519	 71.775993
743.386414	 404.612061	 -1.296301	 712.879700	 415.979279	 -5.231932	 383.395020	 520.947876	 83.813606	 383.309570	 480.710999	 84.950462	 383.331635	 500.809296	 71.771805
744.526306	 404.838104	 -1.286365	 714.545349	 416.171814	 -5.194242	 383.398834	 520.947693	 83.816391	 383.311462	 480.710754	 84.952370	 383.335907	 500.810944	 71.768578
745.536499	 405.056824	 -1.302112	 716.097656	 416.328918	 -5.169619	 383.405457	 520.949646	 83.808662	 383.314087	 480.711304	 84.954216	 383.340698	 500.808929	 71.770454
746.441101	 405.223633	 -1.336564	 717.604309	 416.389130	 -5.164941	 383.404755	 520.951111	 83.811516	 383.316559	 480.712708	 84.952225	 383.341888	 500.812866	 71.768700
747.257446	 405.324280	 -1.394398	 719.097473	 416.331299	 -5.184325	 383.404938	 520.949341	 83.815208	 383.319519	 480.712280	 84.952049	 383.345490	 500.815247	 71.765892
747.984680	 405.340210	 -1.464640	 720.588440	 416.147156	 -5.222361	 383.405060	 520.950745	 83.813972	 383.319733	 480.716553	 84.949554	 383.345459	 500.812378	 71.768875
748.613953	 405.254547	 -1.529054	 722.029968	 415.833771	 -5.238227	 383.408722	 520.954163	 83.810562	 383.320984	 480.717468	 84.949371	 383.343903	 500.815308	 71.770439
749.147583	 405.102722	 -1.614152	 723.366943	 415.450531	 -5.261471	 383.411102	 520.954468	 83.810150	 383.323242	 480.716095	 84.951988	 383.347290	 500.814636	 71.768845
749.581787	 404.891968	 -1.732526	 724.500122	 415.051971	 -5.270143	 383.410278	 520.955811	 83.812477	 383.323120	 480.718781	 84.952965	 383.348877	 500.815125	 71.771935
749.924988	 404.587128	 -1.867246	 725.258057	 414.754364	 -5.218516	 383.410248	 520.952820	 83.817696	 383.325012	 480.719055	 84.949089	 383.349213	 500.816254	 71.770584
750.205078	 404.241302	 -2.073608	 725.726929	 414.518219	 -5.130505	 383.410614	 520.951355	 83.815170	 383.325104	 480.714874	 84.949120	 383.349915	 500.812378	 71.772057
750.379395	 403.914642	 -2.257908	 726.099731	 414.303589	 -5.063209	 383.413147	 520.952271	 83.814751	 383.326172	 480.714050	 84.950371	 383.351685	 500.812775	 71.776566
750.499207	 403.626648	 -2.428361	 726.405090	 414.135681	 -4.992422	 383.418243	 520.948975	 83.817719	 383.331573	 480.713593	 84.951286	 383.355164	 500.810760	 71.776695
750.575439	 403.366547	 -2.558451	 726.657043	 414.022705	 -4.924664	 383.425079	 520.950439	 83.815918	 383.334229	 480.713867	 84.953796	 383.359955	 500.811676	 71.774078
750.615173	 403.171234	 -2.668902	 726.895996	 413.963989	 -4.886527	 383.428802	 520.951599	 83.815460	 383.338745	 480.714081	 84.953384	 383.363861	 500.813538	 71.778069
750.662354	 403.011688	 -2.787239	 727.125732	 413.936066	 -4.859852	 383.432953	 520.951050	 83.814049	 383.344543	 480.712830	 84.957642	 383.370148	 500.812195	 71.777794
750.704773	 402.862335	 -2.874692	 727.340027	 413.914398	 -4.844489	 383.438354	 520.953186	 83.815491	 383.351929	 480.715851	 84.954262	 383.376892	 500.812531	 71.774910
750.718567	 402.727997	 -2.917032	 727.525696	 413.868561	 -4.828868	 383.445923	 520.953308	 83.817284	 383.359222	 480.716858	 84.954590	 383.382843	 500.813873	 71.778595
750.714783	 402.613525	 -2.943948	 727.684814	 413.802948	 -4.822787	 383.452759	 520.952087	 83.817177	 383.365448	 480.715057	 84.956863	 383.391876	 500.814301	 71.774834
750.712646	 402.539154	 -2.984195	 727.828369	 413.745148	 -4.828231	 383.459534	 520.955139	 83.814323	 383.370880	 480.716888	 84.958252	 383.397339	 500.816406	 71.772270
750.714172	 402.482605	 -3.015851	 727.962097	 413.694000	 -4.820582	 383.468353	 520.956299	 83.809868	 383.375244	 480.716339	 84.959648	 383.401367	 500.815094	 71.772804
750.723022	 402.431946	 -3.043767	 728.085815	 413.652496	 -4.815168	 383.468140	 520.953796	 83.815262	 383.378815	 480.714661	 84.958000	 383.404236	 500.814026	 71.774460
750.725952	 402.398346	 -3.062415	 728.190063	 413.627014	 -4.813754	 383.467865	 520.954102	 83.816551	 383.379944	 480.715454	 84.956505	 383.406586	 500.814484	 71.776649
750.726746	 402.373840	 -3.080187	 728.281067	 413.614716	 -4.796529	 383.469788	 520.951721	 83.820213	 383.384338	 480.716217	 84.953522	 383.407532	 500.813568	 71.779366
750.739258	 402.351288	 -3.110774	 728.378418	 413.613708	 -4.788233	 383.470459	 520.953674	 83.821976	 383.387024	 480.717621	 84.956985	 383.407837	 500.814606	 71.780334
750.751526	 402.327209	 -3.120793	 728.484314	 413.605408	 -4.793513	 383.472290	 520.956665	 83.818855	 383.387726	 480.719177	 84.953293	 383.406067	 500.815582	 71.784454
750.782104	 402.300232	 -3.118715	 728.598083	 413.575195	 -4.800012	 383.470184	 520.956299	 83.817352	 383.387787	 480.718445	 84.949699	 383.407928	 500.817169	 71.775841
750.848999	 402.256592	 -3.125265	 728.730774	 413.497223	 -4.795478	 383.464783	 520.959106	 83.810844	 383.381470	 480.721252	 84.950706	 383.401672	 500.819824	 71.773872
750.938110	 402.191223	 -3.129447	 728.867432	 413.391479	 -4.780896	 383.456299	 520.959717	 83.812248	 383.370209	 480.722473	 84.953285	 383.388153	 500.819946	 71.781075
751.029663	 402.146240	 -3.134139	 728.987244	 413.310699	 -4.765681	 383.447876	 520.958862	 83.817932	 383.361481	 480.720367	 84.953728	 383.384399	 500.817749	 71.778313
751.104675	 402.124786	 -3.126331	 729.082886	 413.264832	 -4.753854	 383.438446	 520.958435	 83.822197	 383.355713	 480.721008	 84.949509	 383.378906	 500.816589	 71.778862
751.166077	 402.128174	 -3.119741	 729.151672	 413.245636	 -4.735017	 383.435059	 520.955627	 83.819008	 383.348969	 480.717102	 84.955559	 383.372620	 500.815674	 71.776924
751.204346	 402.151398	 -3.106906	 729.199402	 413.254730	 -4.716201	 383.432922	 520.953979	 83.817619	 383.345673	 480.714935	 84.956505	 383.369324	 500.812958	 71.774063
751.221863	 402.188873	 -3.091662	 729.226135	 413.276672	 -4.712435	 383.426727	 520.955322	 83.816269	 383.341003	 480.715424	 84.959007	 383.364319	 500.815247	 71.777031
751.231140	 402.219177	 -3.081896	 729.238159	 413.298096	 -4.710978	 383.423981	 520.954224	 83.816734	 383.335754	 480.713867	 84.963951	 383.362976	 500.816071	 71.773300
751.237122	 402.242828	 -3.076340	 729.245911	 413.324707	 -4.709123	 383.424683	 520.957092	 83.814812	 383.335236	 480.717804	 84.957062	 383.362122	 500.817535	 71.768127
751.243225	 402.265930	 -3.077097	 729.258179	 413.347260	 -4.708320	 383.427124	 520.960876	 83.815613	 383.338165	 480.722839	 84.958847	 383.361328	 500.819855	 71.776016
751.250183	 402.273346	 -3.074991	 729.275208	 413.363281	 -4.707148	 383.429962	 520.960938	 83.821297	 383.344421	 480.723297	 84.960335	 383.365662	 500.820709	 71.784065
751.256287	 402.280487	 -3.068448	 729.290222	 413.381866	 -4.703754	 383.432068	 520.962646	 83.821259	 383.349182	 480.724335	 84.956039	 383.368469	 500.822449	 71.786346
751.268311	 402.292786	 -3.073327	 729.305542	 413.401642	 -4.695024	 383.434967	 520.962158	 83.816513	 383.351654	 480.723267	 84.955070	 383.373962	 500.822723	 71.778328
751.279053	 402.300385	 -3.074653	 729.323608	 413.427490	 -4.691669	 383.435120	 520.960938	 83.814804	 383.349731	 480.721100	 84.957413	 383.375885	 500.821930	 71.774780
751.276917	 402.306641	 -3.060290	 729.335083	 413.460571	 -4.685304	 383.432098	 520.962463	 83.817116	 383.344177	 480.722260	 84.965149	 383.368744	 500.822235	 71.780190
751.281250	 402.306274	 -3.061171	 729.351440	 413.487854	 -4.674526	 383.433502	 520.961365	 83.816902	 383.344055	 480.722321	 84.962875	 383.364075	 500.820526	 71.786995
751.291382	 402.299133	 -3.066940	 729.375183	 413.513336	 -4.654194	 383.429474	 520.961975	 83.821922	 383.341339	 480.722626	 84.962479	 383.363342	 500.821472	 71.788101
751.299255	 402.293671	 -3.067605	 729.400269	 413.537048	 -4.621743	 383.422150	 520.961548	 83.826691	 383.340240	 480.722687	 84.959579	 383.361267	 500.824005	 71.783340
751.309875	 402.285645	 -3.060782	 729.432495	 413.568634	 -4.605970	 383.423828	 520.960815	 83.822609	 383.341339	 480.720337	 84.958710	 383.362152	 500.823059	 71.778366
751.329407	 402.285583	 -3.058292	 729.464355	 413.606720	 -4.585778	 383.425842	 520.963745	 83.819168	 383.338745	 480.722900	 84.964462	 383.366364	 500.824158	 71.776787
751.359680	 402.296387	 -3.051119	 729.497375	 413.639618	 -4.558524	 383.431610	 520.963318	 83.820580	 383.345795	 480.725708	 84.961792	 383.370636	 500.824738	 71.779442
751.389221	 402.309082	 -3.034225	 729.528687	 413.676727	 -4.535427	 383.438110	 520.964600	 83.820686	 383.351593	 480.725830	 84.958534	 383.374268	 500.824402	 71.776932
751.417114	 402.322845	 -3.021120	 729.554626	 413.714844	 -4.514365	 383.442200	 520.966797	 83.818062	 383.353058	 480.727844	 84.958206	 383.377563	 500.826202	 71.778496
751.443970	 402.329559	 -3.006307	 729.575134	 413.750000	 -4.500273	 383.448517	 520.965271	 83.817749	 383.358490	 480.724823	 84.961914	 383.384766	 500.826019	 71.780716
751.470581	 402.338257	 -2.998356	 729.590149	 413.795135	 -4.499166	 383.451752	 520.963623	 83.818039	 383.363617	 480.723816	 84.961403	 383.391113	 500.825653	 71.777115
751.493286	 402.351166	 -2.993519	 729.599365	 413.832611	 -4.495570	 383.457794	 520.963867	 83.816933	 383.370880	 480.725677	 84.962059	 383.393036	 500.824188	 71.776840
751.500732	 402.350128	 -2.980865	 729.604065	 413.848083	 -4.487989	 383.461639	 520.962769	 83.818047	 383.375275	 480.724579	 84.962135	 383.399384	 500.822998	 71.773071
751.502808	 402.345154	 -2.977340	 729.604248	 413.857513	 -4.479760	 383.460724	 520.965210	 83.815880	 383.372681	 480.725525	 84.962143	 383.401062	 500.826996	 71.771324
751.497925	 402.338806	 -2.985649	 729.601074	 413.864105	 -4.478910	 383.457977	 520.966309	 83.817322	 383.371368	 480.726715	 84.963593	 383.397461	 500.829834	 71.772751
751.490967	 402.325165	 -2.996776	 729.594421	 413.867767	 -4.473976	 383.449280	 520.964172	 83.818855	 383.364258	 480.725525	 84.962486	 383.385315	 500.826752	 71.778404
751.474792	 402.310028	 -3.000240	 729.593567	 413.872711	 -4.466128	 383.439545	 520.965454	 83.818756	 383.353821	 480.727692	 84.963112	 383.374695	 500.825867	 71.781082
751.456970	 402.291840	 -3.001872	 729.591125	 413.872894	 -4.456306	 383.435638	 520.965149	 83.813889	 383.346527	 480.727173	 84.962921	 383.371399	 500.825745	 71.781296
751.448853	 402.275360	 -3.012204	 729.588379	 413.877777	 -4.446881	 383.431549	 520.964233	 83.812202	 383.340271	 480.725311	 84.963646	 383.367981	 500.824707	 71.778816
751.437317	 402.265717	 -3.015079	 729.591736	 413.882843	 -4.442578	 383.424194	 520.965088	 83.817917	 383.336884	 480.726105	 84.960884	 383.360260	 500.825775	 71.783592
751.427795	 402.257843	 -3.015068	 729.595459	 413.877228	 -4.440777	 383.422333	 520.963135	 83.816895	 383.335510	 480.726257	 84.954773	 383.356171	 500.824615	 71.782288
751.426270	 402.251953	 -3.020452	 729.596252	 413.874268	 -4.441224	 383.420410	 520.961853	 83.814232	 383.331787	 480.725739	 84.954132	 383.357391	 500.823822	 71.771828
751.424011	 402.251190	 -3.021855	 729.595703	 413.871887	 -4.439394	 383.420319	 520.963318	 83.813393	 383.331940	 480.726501	 84.955658	 383.360229	 500.825775	 71.769165
751.430176	 402.250885	 -3.030040	 729.599854	 413.868530	 -4.439695	 383.424438	 520.964722	 83.813881	 383.337585	 480.727783	 84.958305	 383.360809	 500.823669	 71.779785
751.433044	 402.254120	 -3.031478	 729.606140	 413.870056	 -4.445300	 383.430817	 520.968018	 83.813881	 383.343384	 480.729248	 84.959267	 383.362488	 500.825134	 71.782127
751.433899	 402.256958	 -3.026852	 729.613403	 413.871368	 -4.450225	 383.437042	 520.967041	 83.815178	 383.348572	 480.730408	 84.956070	 383.370178	 500.827332	 71.784142
751.442749	 402.258423	 -3.035547	 729.621460	 413.875153	 -4.456084	 383.442200	 520.966248	 83.813789	 383.353607	 480.727661	 84.954155	 383.380676	 500.826477	 71.770866
751.446960	 402.259125	 -3.041969	 729.624207	 413.878723	 -4.454865	 383.446075	 520.966675	 83.810509	 383.356812	 480.727844	 84.952080	 383.381958	 500.826019	 71.768555
751.444519	 402.257507	 -3.038071	 729.624756	 413.875946	 -4.455503	 383.447083	 520.962708	 83.811058	 383.358612	 480.726654	 84.949112	 383.379272	 500.823944	 71.775253
751.447998	 402.257111	 -3.035731	 729.630249	 413.876251	 -4.458986	 383.446991	 520.962036	 83.809349	 383.357574	 480.724487	 84.951530	 383.383087	 500.824463	 71.770157
751.447327	 402.257813	 -3.032026	 729.632385	 413.875366	 -4.456728	 383.444366	 520.963623	 83.812729	 383.353424	 480.725861	 84.954300	 383.380676	 500.825684	 71.774376
751.445068	 402.256317	 -3.029725	 729.632996	 413.870148	 -4.453397	 383.442566	 520.962036	 83.812927	 383.353302	 480.723419	 84.950256	 383.376587	 500.825073	 71.772781
751.446655	 402.256561	 -3.029702	 729.631958	 413.869446	 -4.456600	 383.437500	 520.963989	 83.812920	 383.352783	 480.725006	 84.944496	 383.371368	 500.822845	 71.774757
751.448364	 402.261017	 -3.034808	 729.627747	 413.868622	 -4.464432	 383.433319	 520.963196	 83.815239	 383.349335	 480.726685	 84.943581	 383.371246	 500.823334	 71.769936
751.453247	 402.262726	 -3.038157	 729.624207	 413.866516	 -4.468405	 383.434082	 520.960815	 83.816132	 383.348602	 480.724579	 84.946213	 383.372833	 500.823456	 71.770378
751.456604	 402.264893	 -3.039212	 729.625732	 413.869568	 -4.476720	 383.436005	 520.965698	 83.809723	 383.347168	 480.726257	 84.952057	 383.376495	 500.827911	 71.764107
751.458008	 402.268646	 -3.037028	 729.629028	 413.864349	 -4.477385	 383.438751	 520.965027	 83.808594	 383.351288	 480.727020	 84.950333	 383.377167	 500.828400	 71.761940
751.459351	 402.264893	 -3.038316	 729.626648	 413.854065	 -4.479620	 383.439575	 520.964172	 83.810440	 383.351227	 480.725555	 84.949265	 383.376465	 500.823639	 71.765831
751.452515	 402.261871	 -3.039893	 729.613647	 413.844666	 -4.491389	 383.434631	 520.965881	 83.807831	 383.345764	 480.727142	 84.949989	 383.374695	 500.828094	 71.759308
751.444092	 402.255768	 -3.041298	 729.596069	 413.832550	 -4.504079	 383.430450	 520.964844	 83.803986	 383.344482	 480.727356	 84.941856	 383.370819	 500.828156	 71.757065
751.440186	 402.255371	 -3.052874	 729.577881	 413.825500	 -4.513275	 383.420746	 520.969116	 83.800758	 383.336639	 480.731934	 84.938492	 383.362274	 500.831543	 71.752289
751.426086	 402.263428	 -3.047880	 729.559387	 413.815247	 -4.511773	 383.408234	 520.976563	 83.803421	 383.321045	 480.739990	 84.944031	 383.347443	 500.840820	 71.756264
751.414429	 402.266418	 -3.038198	 729.542297	 413.800415	 -4.510205	 383.394989	 520.982056	 83.809311	 383.303497	 480.743439	 84.951591	 383.332428	 500.841461	 71.764351
751.404053	 402.272980	 -3.043025	 729.522583	 413.788483	 -4.520186	 383.380371	 520.980530	 83.811104	 383.287598	 480.741333	 84.959198	 383.313904	 500.838104	 71.772583
751.389893	 402.271606	 -3.043437	 729.502991	 413.773224	 -4.534600	 383.371490	 520.969055	 83.814682	 383.281952	 480.729645	 84.957764	 383.305389	 500.829681	 71.777260
751.377258	 402.259979	 -3.047867	 729.485779	 413.760559	 -4.545622	 383.371216	 520.957825	 83.819550	 383.282288	 480.718506	 84.960518	 383.308105	 500.818024	 71.774689
751.365417	 402.248169	 -3.053029	 729.479858	 413.753479	 -4.560896	 383.377655	 520.955383	 83.819725	 383.287933	 480.716248	 84.963531	 383.314484	 500.815979	 71.776611
751.365967	 402.231476	 -3.060934	 729.478943	 413.744568	 -4.577336	 383.391022	 520.951904	 83.824829	 383.304169	 480.715698	 84.962120	 383.326599	 500.813721	 71.784691
751.375854	 402.219574	 -3.069157	 729.478333	 413.740601	 -4.586566	 383.407776	 520.952576	 83.823540	 383.323059	 480.717468	 84.958488	 383.348724	 500.813843	 71.780815
751.383301	 402.218048	 -3.064316	 729.487488	 413.739716	 -4.590992	 383.423218	 520.956299	 83.818672	 383.341980	 480.720551	 84.952560	 383.364746	 500.816772	 71.779541
751.396667	 402.224091	 -3.063794	 729.504272	 413.743988	 -4.593386	 383.439240	 520.957825	 83.823128	 383.358337	 480.721039	 84.953369	 383.379089	 500.818115	 71.779846
751.411560	 402.238831	 -3.060121	 729.518860	 413.759644	 -4.595495	 383.453186	 520.965820	 83.822174	 383.366119	 480.726440	 84.959579	 383.392365	 500.826019	 71.776131
751.423767	 402.257294	 -3.050388	 729.524841	 413.773102	 -4.592232	 383.461975	 520.971741	 83.818764	 383.372894	 480.734161	 84.962921	 383.398438	 500.832947	 71.779510
751.440125	 402.275269	 -3.047701	 729.517639	 413.782654	 -4.581518	 383.460022	 520.973816	 83.819641	 383.375824	 480.737518	 84.958427	 383.400208	 500.833435	 71.782867
751.447937	 402.284515	 -3.043154	 729.515076	 413.791382	 -4.585542	 383.453735	 520.973694	 83.819229	 383.367706	 480.735931	 84.961479	 383.396332	 500.834412	 71.774071
751.447327	 402.280212	 -3.033938	 729.511353	 413.789398	 -4.592454	 383.447723	 520.965027	 83.817116	 383.358398	 480.728851	 84.964706	 383.385376	 500.827148	 71.781654
751.441101	 402.267365	 -3.033900	 729.498596	 413.779968	 -4.598072	 383.437592	 520.957825	 83.815079	 383.351135	 480.721710	 84.956131	 383.374969	 500.820404	 71.779930
751.427551	 402.257751	 -3.045720	 729.480347	 413.764130	 -4.602547	 383.426849	 520.957581	 83.815567	 383.342987	 480.722870	 84.950439	 383.365479	 500.820923	 71.771202
751.415649	 402.250763	 -3.054322	 729.463745	 413.752197	 -4.612570	 383.423309	 520.961121	 83.812874	 383.339844	 480.725464	 84.949181	 383.364319	 500.824860	 71.766930
751.409973	 402.252899	 -3.064888	 729.452942	 413.750610	 -4.627365	 383.426422	 520.968567	 83.811455	 383.339386	 480.730164	 84.948433	 383.366272	 500.832672	 71.765602
751.409241	 402.261719	 -3.074868	 729.442078	 413.746246	 -4.637725	 383.425446	 520.984558	 83.820671	 383.323303	 480.748688	 84.951782	 383.352997	 500.848663	 71.777069
751.409729	 402.262390	 -3.073695	 729.429565	 413.736572	 -4.648189	 383.378143	 521.027405	 83.829727	 383.229004	 480.792603	 84.960396	 383.288361	 500.892944	 71.771042
751.412231	 402.265472	 -3.075527	 729.426392	 413.723938	 -4.658942	 383.270508	 521.109497	 83.831139	 383.031494	 480.875763	 84.965027	 383.142487	 500.975494	 71.754601
751.414246	 402.269226	 -3.079583	 729.430603	 413.711578	 -4.664876	 383.134857	 521.208008	 83.823441	 382.794067	 480.978210	 84.955551	 382.954651	 501.074219	 71.755592
751.413574	 402.265625	 -3.078189	 729.431335	 413.703156	 -4.666314	 383.009460	 521.283508	 83.805740	 382.593506	 481.051941	 84.943466	 382.787292	 501.146606	 71.763855
751.410095	 402.261444	 -3.078340	 729.433716	 413.698883	 -4.669945	 382.959564	 521.309448	 83.796196	 382.512299	 481.074982	 84.947266	 382.720551	 501.170868	 71.765724
751.408630	 402.256439	 -3.078557	 729.437561	 413.693024	 -4.669963	 382.978180	 521.300598	 83.806374	 382.534912	 481.069031	 84.949135	 382.741425	 501.167603	 71.760010
751.405884	 402.253052	 -3.079283	 729.437134	 413.693481	 -4.667170	 382.979126	 521.299561	 83.806198	 382.543396	 481.068817	 84.943306	 382.744751	 501.163910	 71.761505
751.400818	 402.260620	 -3.077631	 729.428650	 413.698334	 -4.667499	 382.971588	 521.310730	 83.796227	 382.526489	 481.076080	 84.950912	 382.732361	 501.172150	 71.761597
751.396423	 402.269623	 -3.074999	 729.419678	 413.704834	 -4.670019	 382.968201	 521.323669	 83.793854	 382.519012	 481.087646	 84.952698	 382.725433	 501.183105	 71.768799
751.393799	 402.282135	 -3.077882	 729.411682	 413.717163	 -4.673040	 382.960388	 521.362427	 83.795975	 382.503815	 481.125732	 84.950470	 382.711426	 501.220215	 71.771271
751.391541	 402.293945	 -3.078390	 729.403320	 413.719757	 -4.671440	 382.951813	 521.439270	 83.807716	 382.474030	 481.202789	 84.962212	 382.696930	 501.301208	 71.763855
751.388428	 402.291473	 -3.073154	 729.398010	 413.713440	 -4.674495	 382.930786	 521.543518	 83.814377	 382.418976	 481.310516	 84.970833	 382.664337	 501.408783	 71.754906
751.382141	 402.283417	 -3.075978	 729.385681	 413.707642	 -4.680655	 382.894257	 521.657593	 83.813950	 382.348389	 481.429047	 84.956245	 382.608887	 501.526245	 71.753212
751.378052	 402.271667	 -3.086841	 729.376648	 413.698059	 -4.693807	 382.847992	 521.751343	 83.809708	 382.260742	 481.523956	 84.938614	 382.535431	 501.617950	 71.760681
751.369568	 402.254028	 -3.096369	 729.367249	 413.689972	 -4.704714	 382.794861	 521.814880	 83.802612	 382.152924	 481.585419	 84.944054	 382.457092	 501.679535	 71.757263
751.361206	 402.240082	 -3.100312	 729.361633	 413.682129	 -4.712337	 382.738098	 521.864380	 83.797791	 382.042480	 481.634796	 84.952576	 382.371796	 501.729736	 71.760849
751.359192	 402.227875	 -3.099496	 729.367126	 413.672058	 -4.715789	 382.690918	 521.903687	 83.795280	 381.955536	 481.673126	 84.951920	 382.301575	 501.767334	 71.765831
751.359802	 402.225067	 -3.100403	 729.371033	 413.669312	 -4.714487	 382.657745	 521.926392	 83.793404	 381.900055	 481.695374	 84.948235	 382.263031	 501.790161	 71.757874
751.366150	 402.234314	 -3.106195	 729.375610	 413.670319	 -4.706707	 382.659271	 521.931274	 83.787346	 381.887268	 481.698669	 84.954414	 382.257385	 501.796234	 71.755615
751.375244	 402.242340	 -3.107552	 729.383240	 413.670959	 -4.705606	 382.672638	 521.927246	 83.786858	 381.903381	 481.693848	 84.953362	 382.269409	 501.790497	 71.756310
751.378784	 402.249298	 -3.101382	 729.389648	 413.673920	 -4.711891	 382.677277	 521.927673	 83.786026	 381.910706	 481.694702	 84.949799	 382.277588	 501.789978	 71.753860
751.384521	 402.254578	 -3.099595	 729.393433	 413.669922	 -4.713071	 382.690063	 521.918396	 83.787865	 381.927521	 481.685364	 84.952568	 382.293030	 501.781830	 71.754265
751.393494	 402.253967	 -3.100111	 729.399353	 413.664001	 -4.716929	 382.721710	 521.885498	 83.788284	 381.986816	 481.654724	 84.945213	 382.331329	 501.748291	 71.756470
751.397217	 402.253632	 -3.101416	 729.403320	 413.655945	 -4.715453	 382.785614	 521.828003	 83.791458	 382.102936	 481.600372	 84.936073	 382.419250	 501.693481	 71.754372
751.398804	 402.247101	 -3.099700	 729.405762	 413.644318	 -4.717690	 382.874268	 521.750732	 83.803703	 382.252991	 481.523071	 84.932602	 382.541656	 501.621246	 71.747337
751.394226	 402.239227	 -3.093818	 729.404663	 413.639893	 -4.722362	 382.957489	 521.670715	 83.810966	 382.398621	 481.441589	 84.942184	 382.662720	 501.539520	 71.739914
751.390198	 402.242401	 -3.098202	 729.402893	 413.640350	 -4.719556	 383.044678	 521.587280	 83.804359	 382.552826	 481.354065	 84.949181	 382.780365	 501.453369	 71.744347
751.388855	 402.246185	 -3.105668	 729.401001	 413.642242	 -4.715458	 383.157257	 521.487305	 83.794922	 382.745880	 481.248932	 84.941551	 382.923920	 501.351837	 71.751984
751.384460	 402.252747	 -3.099568	 729.398315	 413.650330	 -4.714986	 383.263123	 521.375610	 83.800064	 382.940704	 481.140930	 84.927895	 383.076050	 501.241150	 71.747749
751.377808	 402.257355	 -3.092272	 729.400940	 413.652893	 -4.710296	 383.351776	 521.255615	 83.813400	 383.098450	 481.023712	 84.939056	 383.209717	 501.126465	 71.739044
751.370911	 402.252502	 -3.087412	 729.401428	 413.647430	 -4.705971	 383.443451	 521.134399	 83.814529	 383.244476	 480.898041	 84.947052	 383.325317	 501.004150	 71.748985
751.371643	 402.250824	 -3.099799	 729.398010	 413.638153	 -4.701696	 383.540466	 521.023132	 83.799675	 383.387604	 480.784485	 84.931572	 383.438049	 500.889496	 71.749794
751.373901	 402.244324	 -3.105272	 729.400208	 413.626648	 -4.701521	 383.633453	 520.903992	 83.798805	 383.513855	 480.667816	 84.926765	 383.550568	 500.771454	 71.738045
751.375488	 402.233459	 -3.103136	 729.405579	 413.621155	 -4.704151	 383.733124	 520.760437	 83.811783	 383.646881	 480.526367	 84.932129	 383.672272	 500.629517	 71.733910
751.374084	 402.227417	 -3.105494	 729.411255	 413.616089	 -4.706939	 383.862122	 520.590393	 83.811043	 383.812500	 480.355560	 84.929680	 383.812744	 500.459991	 71.741920
751.377014	 402.219269	 -3.107783	 729.413208	 413.607758	 -4.703287	 384.017456	 520.393860	 83.800339	 383.996246	 480.160065	 84.930191	 383.979401	 500.266083	 71.738327
751.377014	 402.216644	 -3.106565	 729.411987	 413.608307	 -4.705132	 384.169342	 520.197815	 83.806541	 384.180939	 479.962280	 84.935608	 384.151581	 500.069061	 71.740654
751.383179	 402.224030	 -3.109257	 729.414001	 413.610596	 -4.710768	 384.305878	 520.019470	 83.809677	 384.359436	 479.783875	 84.924965	 384.305817	 499.890442	 71.748932
751.392395	 402.227631	 -3.111891	 729.415039	 413.608093	 -4.709621	 384.428772	 519.855774	 83.812698	 384.513031	 479.621216	 84.924080	 384.447662	 499.728394	 71.737526
751.394897	 402.227295	 -3.106581	 729.422241	 413.606018	 -4.716436	 384.527435	 519.714417	 83.824165	 384.641022	 479.479950	 84.932381	 384.565735	 499.588104	 71.732994
751.401428	 402.228302	 -3.106181	 729.429749	 413.599640	 -4.717822	 384.603729	 519.599426	 83.822739	 384.745026	 479.364594	 84.924820	 384.650604	 499.474304	 71.745903
751.401489	 402.222443	 -3.099857	 729.430298	 413.591888	 -4.713133	 384.657257	 519.508301	 83.810951	 384.805756	 479.271423	 84.919418	 384.700867	 499.377625	 71.752777
751.402100	 402.219269	 -3.103448	 729.430542	 413.586365	 -4.709688	 384.686523	 519.425476	 83.802185	 384.834625	 479.188263	 84.924728	 384.731445	 499.292603	 71.747108
751.404358	 402.217285	 -3.113992	 729.430603	 413.578491	 -4.704250	 384.714020	 519.331482	 83.803978	 384.864136	 479.095184	 84.934090	 384.765320	 499.201965	 71.741447
751.402039	 402.212921	 -3.112374	 729.434814	 413.578308	 -4.711680	 384.751129	 519.233337	 83.808319	 384.904083	 478.998230	 84.931252	 384.805481	 499.106781	 71.737587
751.400574	 402.212769	 -3.114109	 729.437561	 413.578888	 -4.715696	 384.788879	 519.129883	 83.815590	 384.946869	 478.896912	 84.926308	 384.845825	 499.004272	 71.744331
751.401794	 402.215210	 -3.119969	 729.436340	 413.574280	 -4.709141	 384.842834	 519.010864	 83.809799	 384.992462	 478.776978	 84.923485	 384.889099	 498.882385	 71.750908
751.404419	 402.218323	 -3.121196	 729.435669	 413.575409	 -4.715483	 384.918030	 518.879700	 83.799713	 385.048889	 478.643555	 84.922905	 384.954468	 498.748566	 71.746727
751.402771	 402.221130	 -3.114606	 729.433105	 413.570374	 -4.716545	 385.006958	 518.732178	 83.806015	 385.114838	 478.497589	 84.934219	 385.039429	 498.605255	 71.741623
751.403625	 402.222137	 -3.115539	 729.428162	 413.561249	 -4.713447	 385.104401	 518.582947	 83.818047	 385.192047	 478.347473	 84.936920	 385.132507	 498.454865	 71.738358
751.402039	 402.222656	 -3.120706	 729.424988	 413.558868	 -4.723982	 385.205841	 518.439209	 83.819229	 385.276245	 478.204712	 84.925751	 385.219849	 498.308929	 71.751106
751.398682	 402.221191	 -3.124339	 729.421265	 413.550903	 -4.728045	 385.317841	 518.281982	 83.815834	 385.355103	 478.052032	 84.929138	 385.307953	 498.154236	 71.759308
751.396057	 402.216003	 -3.125381	 729.418396	 413.546143	 -4.727361	 385.434143	 518.119202	 83.818741	 385.422028	 477.885834	 84.944855	 385.408325	 497.991974	 71.747597
751.388062	 402.212830	 -3.119143	 729.415771	 413.545563	 -4.724737	 385.557739	 517.955200	 83.817123	 385.486176	 477.718872	 84.943237	 385.505524	 497.826019	 71.746254
751.379211	 402.209473	 -3.116429	 729.416138	 413.542755	 -4.720422	 385.698273	 517.785645	 83.815147	 385.551331	 477.555603	 84.934967	 385.602020	 497.657501	 71.755348
751.372681	 402.211029	 -3.112665	 729.416321	 413.548492	 -4.723851	 385.841431	 517.635071	 83.826614	 385.607758	 477.408142	 84.939186	 385.704834	 497.508728	 71.749901
751.369568	 402.218201	 -3.116288	 729.417847	 413.554565	 -4.720689	 385.991974	 517.518005	 83.827156	 385.661560	 477.288910	 84.944092	 385.806854	 497.390259	 71.750801
751.365662	 402.219513	 -3.109796	 729.419617	 413.556763	 -4.712715	 386.143555	 517.433655	 83.819847	 385.720886	 477.202606	 84.941948	 385.905212	 497.300262	 71.764404
751.368225	 402.225006	 -3.119952	 729.423035	 413.563263	 -4.713290	 386.280487	 517.383667	 83.816505	 385.782471	 477.154236	 84.942841	 386.002869	 497.250671	 71.769447
751.365356	 402.226410	 -3.120361	 729.428406	 413.564056	 -4.710635	 386.397644	 517.354614	 83.814575	 385.849213	 477.129272	 84.935982	 386.096771	 497.225220	 71.763779
751.367554	 402.218445	 -3.119251	 729.433838	 413.560059	 -4.707513	 386.484802	 517.340393	 83.817421	 385.904541	 477.117462	 84.927429	 386.168549	 497.212036	 71.761292
751.370911	 402.213806	 -3.126253	 729.442993	 413.559937	 -4.708173	 386.545227	 517.344727	 83.817184	 385.938202	 477.122070	 84.929909	 386.219604	 497.220306	 71.755867
751.375122	 402.209930	 -3.129792	 729.453918	 413.555206	 -4.708826	 386.590942	 517.352600	 83.810814	 385.965454	 477.128021	 84.930809	 386.253540	 497.226074	 71.754517
751.383606	 402.203644	 -3.136191	 729.461121	 413.554810	 -4.711212	 386.621429	 517.359497	 83.805977	 385.984680	 477.133698	 84.928497	 386.274261	 497.226135	 71.764748
751.381531	 402.202942	 -3.133723	 729.467896	 413.556305	 -4.712312	 386.642670	 517.366089	 83.809303	 385.998657	 477.141724	 84.926476	 386.293945	 497.236969	 71.761162
751.384644	 402.203888	 -3.139095	 729.472290	 413.554321	 -4.710700	 386.664276	 517.371216	 83.807594	 386.012299	 477.146240	 84.929626	 386.313934	 497.244141	 71.757355
751.384949	 402.209015	 -3.138102	 729.474060	 413.559662	 -4.707912	 386.674927	 517.378906	 83.806885	 386.018646	 477.155487	 84.927567	 386.320618	 497.249146	 71.760368
751.382141	 402.215485	 -3.131904	 729.477356	 413.567780	 -4.709393	 386.674408	 517.383911	 83.810448	 386.017273	 477.162598	 84.925781	 386.320770	 497.256866	 71.753479
751.379883	 402.216370	 -3.132510	 729.476990	 413.575897	 -4.707943	 386.672882	 517.387207	 83.803474	 386.013672	 477.162933	 84.927208	 386.317749	 497.256989	 71.753128
751.374146	 402.217834	 -3.129228	 729.469421	 413.583435	 -4.699134	 386.670105	 517.390991	 83.804649	 386.010406	 477.166565	 84.922127	 386.312256	 497.260040	 71.759193
751.369568	 402.212402	 -3.121607	 729.465759	 413.586639	 -4.697070	 386.667236	 517.390686	 83.812782	 386.006805	 477.166809	 84.925591	 386.308197	 497.261353	 71.761269
