746.436523	 396.617035	 -2.740313	 725.637268	 412.088989	 -5.364735	 387.238495	 357.364807	 85.924759	 386.845337	 317.140747	 87.048340	 387.052368	 337.215027	 73.826279
746.417297	 396.610138	 -2.735600	 725.626953	 412.091949	 -5.367653	 387.233032	 357.364777	 85.934578	 386.842560	 317.141510	 87.050423	 387.044830	 337.216614	 73.831375
746.403564	 396.601624	 -2.741440	 725.612366	 412.093414	 -5.363808	 387.229309	 357.363068	 85.935547	 386.836945	 317.139862	 87.056297	 387.041718	 337.215179	 73.832588
746.388489	 396.594086	 -2.739366	 725.602661	 412.097595	 -5.369078	 387.225739	 357.363953	 85.932014	 386.830109	 317.139435	 87.065506	 387.036377	 337.214874	 73.843628
746.383545	 396.592468	 -2.744127	 725.604065	 412.100037	 -5.377697	 387.224823	 357.363953	 85.935722	 386.831543	 317.140167	 87.062843	 387.035950	 337.216766	 73.841583
746.386230	 396.591370	 -2.749283	 725.607483	 412.099274	 -5.372278	 387.227600	 357.363495	 85.937683	 386.834900	 317.141327	 87.060524	 387.039734	 337.217285	 73.839485
746.386597	 396.593658	 -2.744509	 725.611877	 412.102264	 -5.364200	 387.231262	 357.367340	 85.941551	 386.839539	 317.144592	 87.064537	 387.042206	 337.220154	 73.847061
746.393616	 396.593323	 -2.741420	 725.621521	 412.103912	 -5.366617	 387.238129	 357.366791	 85.942947	 386.847260	 317.144775	 87.064423	 387.049957	 337.219330	 73.843567
746.402100	 396.590942	 -2.748668	 725.628113	 412.107910	 -5.370201	 387.246948	 357.366455	 85.938560	 386.854889	 317.144287	 87.062469	 387.058075	 337.219421	 73.837105
746.404724	 396.593109	 -2.754294	 725.629211	 412.110352	 -5.365930	 387.253845	 357.369019	 85.938538	 386.858521	 317.145508	 87.066170	 387.065765	 337.221954	 73.839737
746.410217	 396.589172	 -2.758606	 725.632690	 412.108215	 -5.366214	 387.256439	 357.366455	 85.938789	 386.863678	 317.145538	 87.065453	 387.071411	 337.219727	 73.844734
746.411926	 396.586731	 -2.752207	 725.632874	 412.109070	 -5.369104	 387.259613	 357.367767	 85.932739	 386.864594	 317.145325	 87.061852	 387.068573	 337.218384	 73.844673
746.411072	 396.589752	 -2.745247	 725.636353	 412.106659	 -5.370279	 387.260284	 357.367706	 85.933350	 386.863251	 317.146027	 87.060738	 387.066010	 337.219635	 73.850685
746.415527	 396.589386	 -2.743959	 725.640320	 412.104248	 -5.370788	 387.258545	 357.366974	 85.937660	 386.865906	 317.146210	 87.061996	 387.067780	 337.219940	 73.847702
746.420593	 396.596436	 -2.749682	 725.637207	 412.105530	 -5.368357	 387.257416	 357.371399	 85.938042	 386.864746	 317.149017	 87.065269	 387.069122	 337.222687	 73.844772
746.418518	 396.599701	 -2.745909	 725.636292	 412.103058	 -5.370228	 387.257233	 357.370331	 85.939621	 386.863556	 317.148407	 87.061821	 387.067017	 337.222229	 73.850319
746.411621	 396.595856	 -2.740545	 725.632019	 412.099396	 -5.370554	 387.254150	 357.369629	 85.941620	 386.861969	 317.146698	 87.058777	 387.063965	 337.220337	 73.845085
746.409546	 396.598206	 -2.750334	 725.624695	 412.095490	 -5.371816	 387.252533	 357.370911	 85.937576	 386.857086	 317.147003	 87.060776	 387.058807	 337.223206	 73.843094
746.405396	 396.596954	 -2.747725	 725.623169	 412.088623	 -5.371221	 387.251373	 357.368073	 85.934219	 386.855133	 317.143951	 87.063499	 387.061157	 337.221802	 73.838821
746.402588	 396.597473	 -2.743109	 725.619019	 412.085449	 -5.367812	 387.248749	 357.369934	 85.936195	 386.855042	 317.145966	 87.059616	 387.060242	 337.220154	 73.841820
746.402039	 396.604401	 -2.748705	 725.620544	 412.080902	 -5.369057	 387.249725	 357.369720	 85.933861	 386.852234	 317.146576	 87.060028	 387.057404	 337.221191	 73.844872
746.398682	 396.606293	 -2.741499	 725.624390	 412.073883	 -5.366659	 387.248688	 357.366058	 85.931908	 386.851318	 317.144043	 87.063148	 387.057770	 337.218750	 73.843117
746.399963	 396.614838	 -2.737476	 725.627686	 412.064850	 -5.361887	 387.247101	 357.368561	 85.930939	 386.848358	 317.146423	 87.060760	 387.056854	 337.219666	 73.840393
746.408447	 396.629028	 -2.743418	 725.639954	 412.044586	 -5.359298	 387.244690	 357.367859	 85.930344	 386.846863	 317.144989	 87.062119	 387.055847	 337.221313	 73.836670
746.411438	 396.636169	 -2.738559	 725.647156	 412.019043	 -5.355074	 387.239990	 357.366882	 85.932068	 386.846954	 317.145325	 87.057686	 387.054413	 337.221680	 73.832779
746.416626	 396.647766	 -2.744642	 725.651306	 411.984711	 -5.349294	 387.235870	 357.369965	 85.933334	 386.838776	 317.147675	 87.061783	 387.049469	 337.223969	 73.831772
746.413940	 396.650269	 -2.744764	 725.658142	 411.935150	 -5.345097	 387.233521	 357.368683	 85.933990	 386.838287	 317.146088	 87.058540	 387.045807	 337.222626	 73.833458
746.406738	 396.648529	 -2.746008	 725.661316	 411.886841	 -5.346921	 387.231659	 357.369141	 85.931099	 386.839752	 317.147705	 87.054848	 387.042572	 337.220459	 73.841026
746.389404	 396.643402	 -2.743203	 725.661255	 411.843231	 -5.345911	 387.227722	 357.369415	 85.931931	 386.836365	 317.147583	 87.056915	 387.040253	 337.220093	 73.841927
746.378540	 396.637360	 -2.745691	 725.656555	 411.790955	 -5.338085	 387.227478	 357.365967	 85.931480	 386.832733	 317.143951	 87.057274	 387.039856	 337.218079	 73.837715
746.372925	 396.637390	 -2.754967	 725.649658	 411.737488	 -5.329798	 387.229034	 357.367584	 85.928802	 386.829071	 317.145538	 87.064529	 387.041718	 337.219879	 73.828644
746.367065	 396.639984	 -2.756769	 725.644653	 411.686432	 -5.320340	 387.228577	 357.368439	 85.934402	 386.833954	 317.145294	 87.059250	 387.041626	 337.220459	 73.832458
746.369934	 396.643188	 -2.756311	 725.637878	 411.628845	 -5.313483	 387.229279	 357.366058	 85.937912	 386.835052	 317.142181	 87.061462	 387.044220	 337.219421	 73.837112
746.374023	 396.650452	 -2.752783	 725.628662	 411.565674	 -5.311921	 387.232330	 357.367279	 85.934059	 386.834381	 317.144409	 87.064705	 387.047577	 337.222351	 73.837341
746.387878	 396.657684	 -2.751614	 725.613647	 411.493256	 -5.301421	 387.240479	 357.367401	 85.929466	 386.843140	 317.144958	 87.059204	 387.051636	 337.220856	 73.834213
746.417786	 396.658752	 -2.755280	 725.599670	 411.412476	 -5.300612	 387.247406	 357.368591	 85.930107	 386.850952	 317.144623	 87.059334	 387.055878	 337.220062	 73.835648
746.456360	 396.646454	 -2.766912	 725.583252	 411.317627	 -5.313923	 387.253204	 357.369843	 85.932808	 386.856354	 317.146027	 87.057152	 387.063324	 337.221771	 73.839737
746.497803	 396.612335	 -2.776543	 725.555115	 411.208008	 -5.338088	 387.260895	 357.367981	 85.928947	 386.862396	 317.145111	 87.060349	 387.069153	 337.219421	 73.839790
746.541992	 396.564941	 -2.776295	 725.508118	 411.092804	 -5.365168	 387.263397	 357.368561	 85.925987	 386.865265	 317.145538	 87.061287	 387.069885	 337.218811	 73.844147
746.594910	 396.495605	 -2.794126	 725.428894	 410.949005	 -5.392831	 387.264923	 357.369446	 85.925888	 386.866425	 317.146362	 87.060921	 387.074127	 337.222626	 73.836876
746.634216	 396.386810	 -2.833601	 725.308167	 410.772675	 -5.437484	 387.264496	 357.366821	 85.929321	 386.866486	 317.143951	 87.063118	 387.074921	 337.220551	 73.834488
746.647156	 396.251831	 -2.878984	 725.156189	 410.560883	 -5.487652	 387.258179	 357.367798	 85.935539	 386.862244	 317.144348	 87.060806	 387.070129	 337.220520	 73.835258
746.612671	 396.081207	 -2.878960	 724.987549	 410.287537	 -5.617205	 387.253113	 357.369293	 85.934608	 386.856842	 317.145844	 87.056816	 387.066040	 337.221924	 73.831955
746.466431	 395.861359	 -2.711721	 724.745239	 409.983002	 -5.849112	 387.247955	 357.367371	 85.932159	 386.851074	 317.144165	 87.056305	 387.059052	 337.218933	 73.834564
746.139893	 395.615601	 -2.228478	 724.386292	 409.699066	 -6.103174	 387.237793	 357.367493	 85.936638	 386.841003	 317.143707	 87.061516	 387.050323	 337.221283	 73.837929
745.590698	 395.308228	 -1.249044	 723.725891	 409.364563	 -5.726757	 387.231354	 357.366211	 85.933311	 386.836060	 317.142975	 87.059738	 387.043823	 337.220551	 73.837181
744.760681	 394.889832	 0.471715	 722.637329	 408.920532	 -4.291881	 387.228302	 357.366119	 85.926964	 386.834503	 317.141693	 87.053978	 387.041504	 337.217468	 73.830246
743.633667	 394.369415	 3.015807	 721.224976	 408.371094	 -1.955683	 387.224121	 357.366028	 85.928429	 386.830048	 317.141998	 87.050438	 387.036957	 337.219086	 73.828712
742.247498	 393.674042	 6.353644	 719.455688	 407.754333	 1.197534	 387.221588	 357.360962	 85.931389	 386.827759	 317.138916	 87.050156	 387.035889	 337.217194	 73.829498
740.607178	 392.817017	 10.503891	 716.877075	 407.188202	 5.361824	 387.219604	 357.360535	 85.932327	 386.824493	 317.136841	 87.055603	 387.035553	 337.212738	 73.832275
738.803345	 391.687408	 15.172750	 713.941956	 406.400879	 10.127417	 387.219879	 357.361725	 85.928261	 386.825684	 317.137421	 87.056450	 387.031433	 337.212982	 73.837845
737.008789	 390.120941	 19.827015	 711.064453	 405.279083	 15.111460	 387.221466	 357.361359	 85.929482	 386.828094	 317.137451	 87.054367	 387.032745	 337.213135	 73.837547
735.189758	 388.246735	 24.591047	 708.049011	 403.887360	 20.338785	 387.220978	 357.363403	 85.931679	 386.827972	 317.139709	 87.053101	 387.034119	 337.215942	 73.837456
733.283081	 386.141663	 29.538803	 704.944763	 402.172729	 25.677015	 387.226349	 357.361328	 85.926727	 386.830078	 317.138519	 87.051804	 387.035828	 337.218018	 73.830200
731.280762	 383.836456	 34.535507	 701.764221	 400.211731	 31.054033	 387.227844	 357.361633	 85.926620	 386.829407	 317.138062	 87.056564	 387.037994	 337.217499	 73.825172
729.149231	 381.340607	 39.579838	 698.417542	 398.103943	 36.523338	 387.223846	 357.363861	 85.930771	 386.827332	 317.140472	 87.056107	 387.038452	 337.217163	 73.826897
726.829224	 378.660034	 44.771152	 694.869446	 395.915009	 42.072487	 387.220428	 357.360107	 85.934601	 386.825226	 317.137787	 87.057930	 387.036255	 337.215240	 73.836861
724.316711	 375.828918	 50.074780	 691.060425	 393.709198	 47.717731	 387.215973	 357.361237	 85.935608	 386.819427	 317.137848	 87.062279	 387.030518	 337.215088	 73.834579
721.585449	 372.842957	 55.441738	 686.963684	 391.493591	 53.468334	 387.214752	 357.362366	 85.931007	 386.817474	 317.139313	 87.056923	 387.029510	 337.216217	 73.829041
718.604614	 369.753723	 60.731060	 682.578003	 389.258942	 59.241428	 387.214478	 357.359161	 85.925514	 386.819733	 317.136932	 87.051216	 387.030273	 337.213257	 73.825363
715.311279	 366.632599	 65.848831	 677.877197	 387.020813	 64.911819	 387.213318	 357.360291	 85.927742	 386.819550	 317.136902	 87.050179	 387.028412	 337.214966	 73.826477
711.639465	 363.527161	 70.723358	 672.818176	 384.810822	 70.367210	 387.217102	 357.359009	 85.928780	 386.822418	 317.137573	 87.049934	 387.029236	 337.215515	 73.831108
707.557434	 360.470459	 75.301010	 667.359985	 382.693695	 75.522514	 387.220612	 357.358978	 85.922310	 386.822021	 317.137268	 87.053894	 387.029205	 337.212219	 73.831711
703.014832	 357.492706	 79.589180	 661.459167	 380.704681	 80.372505	 387.218079	 357.360870	 85.923637	 386.820221	 317.138184	 87.053047	 387.029388	 337.213135	 73.824272
697.972168	 354.597321	 83.593521	 655.118164	 378.868683	 84.907089	 387.218781	 357.359070	 85.923904	 386.823456	 317.136597	 87.048111	 387.031006	 337.212799	 73.820877
692.407288	 351.810516	 87.297394	 648.324646	 377.222534	 89.119072	 387.221375	 357.359985	 85.917648	 386.823792	 317.136505	 87.047813	 387.032593	 337.211151	 73.822205
686.312988	 349.155548	 90.706757	 641.045044	 375.824493	 93.058548	 387.220825	 357.359528	 85.921173	 386.822113	 317.136658	 87.050140	 387.032410	 337.213562	 73.822098
679.690674	 346.631317	 93.815346	 633.225769	 374.784607	 96.805595	 387.218719	 357.356598	 85.920547	 386.822205	 317.133423	 87.046524	 387.031067	 337.213501	 73.820473
672.581970	 344.237762	 96.588104	 624.850586	 374.206238	 100.439873	 387.216583	 357.358978	 85.914871	 386.820953	 317.135651	 87.043983	 387.028503	 337.213531	 73.819305
665.052612	 341.928009	 99.017471	 616.011902	 374.054169	 103.949707	 387.209961	 357.358856	 85.918274	 386.812653	 317.136322	 87.049561	 387.022064	 337.213074	 73.821594
657.188599	 339.641846	 101.088882	 606.831116	 374.266479	 107.227516	 387.202576	 357.356842	 85.917755	 386.804321	 317.135590	 87.049347	 387.014801	 337.210205	 73.823044
649.041260	 337.386932	 102.851364	 597.389160	 374.875610	 110.152702	 387.196594	 357.358704	 85.917274	 386.799805	 317.136414	 87.045937	 387.007385	 337.211212	 73.821259
640.516602	 335.227173	 104.278381	 587.702820	 376.149231	 112.742012	 387.192230	 357.358368	 85.919327	 386.794922	 317.134766	 87.047531	 387.003418	 337.211975	 73.817665
631.583191	 333.178284	 105.061089	 577.877319	 378.402740	 115.061745	 387.186066	 357.358185	 85.921249	 386.791412	 317.135559	 87.043945	 387.000336	 337.212646	 73.816177
622.389893	 331.148224	 104.878891	 568.210266	 381.497925	 117.159851	 387.179871	 357.359222	 85.923080	 386.788025	 317.136749	 87.042526	 386.993652	 337.213409	 73.821785
613.113098	 329.101868	 103.882545	 558.975525	 384.816132	 119.078148	 387.179443	 357.356842	 85.922279	 386.785797	 317.133942	 87.045494	 386.993744	 337.211304	 73.821632
603.919922	 327.077087	 102.526886	 550.248291	 387.555359	 120.861313	 387.179718	 357.357788	 85.924187	 386.787109	 317.134583	 87.043266	 386.994263	 337.209808	 73.821831
594.926086	 325.098236	 101.280891	 541.922241	 389.309357	 122.305283	 387.180084	 357.358429	 85.927574	 386.788757	 317.135956	 87.044220	 386.996490	 337.212799	 73.827209
586.235413	 323.089325	 100.413933	 533.839355	 390.253235	 123.102661	 387.182251	 357.356750	 85.931023	 386.791779	 317.134613	 87.041916	 386.999847	 337.211914	 73.827377
577.920898	 320.942169	 99.930168	 525.909058	 390.787750	 123.050934	 387.184662	 357.358215	 85.933212	 386.793671	 317.135040	 87.043564	 387.004333	 337.210938	 73.819939
569.968567	 318.608215	 99.637070	 518.136597	 391.216003	 121.929779	 387.190033	 357.358612	 85.928810	 386.795898	 317.134277	 87.049713	 387.008026	 337.214020	 73.820595
562.316345	 316.163788	 99.253731	 510.568970	 391.571289	 119.613190	 387.195618	 357.357880	 85.926064	 386.800842	 317.134735	 87.048874	 387.008972	 337.213409	 73.824074
554.889221	 313.731171	 98.660744	 503.240234	 391.731842	 116.351852	 387.197327	 357.359070	 85.925819	 386.800781	 317.137024	 87.050064	 387.011597	 337.214539	 73.824631
547.613647	 311.400330	 97.843887	 496.207886	 391.652466	 112.717209	 387.199310	 357.358154	 85.928436	 386.803223	 317.135437	 87.049026	 387.012299	 337.213684	 73.831139
540.517700	 309.153564	 96.815994	 489.493561	 391.346313	 109.299622	 387.203186	 357.357361	 85.929230	 386.808441	 317.134827	 87.041603	 387.015930	 337.211792	 73.826721
533.694397	 306.943634	 95.620331	 483.108276	 390.909851	 106.309822	 387.203369	 357.358917	 85.923363	 386.810242	 317.137390	 87.039635	 387.016693	 337.215240	 73.821976
527.117126	 304.811798	 94.455498	 477.102661	 390.541107	 103.598625	 387.206085	 357.358978	 85.917801	 386.809204	 317.135132	 87.045776	 387.013184	 337.211945	 73.829788
520.735962	 302.835968	 93.377274	 471.536133	 390.363373	 100.964340	 387.206238	 357.360260	 85.912224	 386.806244	 317.135223	 87.047539	 387.014160	 337.210510	 73.825104
514.541565	 301.057556	 92.265526	 466.446442	 390.361725	 98.318832	 387.203949	 357.358795	 85.914436	 386.805481	 317.135773	 87.043198	 387.015137	 337.211945	 73.820442
508.573730	 299.446198	 91.061188	 461.771790	 390.445770	 95.808846	 387.203400	 357.356628	 85.917976	 386.805481	 317.133850	 87.039871	 387.013062	 337.209808	 73.819618
502.861206	 298.002106	 89.807785	 457.437958	 390.601532	 93.655502	 387.203400	 357.359161	 85.911049	 386.803223	 317.135559	 87.042297	 387.014587	 337.212616	 73.812828
497.380463	 296.731506	 88.557472	 453.430176	 390.850037	 91.921234	 387.199371	 357.357941	 85.917274	 386.802368	 317.134430	 87.044037	 387.012604	 337.212219	 73.818253
492.135956	 295.632446	 87.280144	 449.750671	 391.191528	 90.509407	 387.195465	 357.357513	 85.921936	 386.802460	 317.133026	 87.040802	 387.011414	 337.210327	 73.820229
487.172119	 294.678253	 85.978485	 446.376678	 391.526550	 89.220367	 387.196259	 357.357330	 85.916313	 386.799683	 317.133514	 87.043121	 387.009369	 337.212860	 73.815819
482.549713	 293.790436	 84.745407	 443.231750	 391.727966	 87.825203	 387.197327	 357.354584	 85.915039	 386.798248	 317.130432	 87.044853	 387.008423	 337.209900	 73.811966
478.274567	 292.916077	 83.651642	 440.299622	 391.860077	 86.164467	 387.195190	 357.354279	 85.913834	 386.800751	 317.132416	 87.038521	 387.006134	 337.209320	 73.813805
474.305298	 292.044281	 82.700806	 437.631714	 392.025360	 84.198090	 387.191742	 357.354431	 85.911629	 386.797119	 317.134277	 87.035698	 387.004059	 337.210388	 73.819923
470.625916	 291.157806	 81.808479	 435.220734	 392.184021	 82.028687	 387.188477	 357.353149	 85.912682	 386.792084	 317.131348	 87.038643	 387.001984	 337.207581	 73.818398
467.228638	 290.255585	 80.895798	 432.987946	 392.233368	 79.869247	 387.184692	 357.355286	 85.914040	 386.790771	 317.133057	 87.037582	 386.998840	 337.209137	 73.818069
464.072510	 289.352814	 79.982246	 430.903168	 392.168213	 77.910034	 387.184692	 357.354309	 85.914330	 386.787323	 317.131470	 87.039810	 386.995087	 337.209015	 73.818214
461.072632	 288.544861	 79.072510	 428.990845	 392.098328	 76.214157	 387.182404	 357.351440	 85.918686	 386.783478	 317.129089	 87.043777	 386.991974	 337.206451	 73.820679
458.163574	 287.960114	 78.118355	 427.287231	 392.130280	 74.842422	 387.178589	 357.353455	 85.917831	 386.780273	 317.131744	 87.043808	 386.990509	 337.207642	 73.819519
455.346741	 287.607300	 77.159454	 425.783203	 392.273254	 73.830429	 387.179993	 357.353180	 85.917336	 386.781128	 317.129944	 87.042587	 386.992859	 337.205872	 73.819756
452.659332	 287.402771	 76.322701	 424.415466	 392.467865	 73.118683	 387.179810	 357.353638	 85.921768	 386.783203	 317.128967	 87.040260	 386.993011	 337.205444	 73.821693
450.123535	 287.283691	 75.656235	 423.133575	 392.628754	 72.577675	 387.179260	 357.352997	 85.923012	 386.783264	 317.130707	 87.042992	 386.991241	 337.206940	 73.823242
447.716034	 287.229187	 75.109413	 421.886108	 392.697266	 72.054283	 387.182343	 357.350037	 85.921753	 386.786896	 317.128479	 87.044060	 386.995758	 337.205536	 73.821983
445.411255	 287.249420	 74.628456	 420.642517	 392.679108	 71.451416	 387.186920	 357.352081	 85.918404	 386.789307	 317.128510	 87.043800	 386.999481	 337.206207	 73.823044
443.199707	 287.356689	 74.126907	 419.433990	 392.601654	 70.735184	 387.191498	 357.351929	 85.913498	 386.791809	 317.129456	 87.044548	 387.000977	 337.205780	 73.823441
441.075745	 287.564514	 73.522781	 418.251862	 392.433105	 69.967445	 387.191559	 357.350983	 85.913467	 386.795258	 317.128876	 87.046234	 387.002350	 337.203674	 73.823753
439.045105	 287.868195	 72.875694	 417.045471	 392.059906	 69.197762	 387.187744	 357.353119	 85.918388	 386.793121	 317.129822	 87.046280	 387.000000	 337.206085	 73.824043
437.142242	 288.200287	 72.327431	 415.771362	 391.372192	 68.414063	 387.187256	 357.351349	 85.919220	 386.789978	 317.127747	 87.043915	 386.999847	 337.206543	 73.823067
435.373840	 288.547760	 71.881912	 414.446472	 390.405823	 67.589310	 387.186493	 357.350555	 85.917984	 386.787537	 317.126556	 87.044197	 386.997772	 337.203491	 73.822304
433.705444	 288.951141	 71.467125	 413.188263	 389.370941	 66.716881	 387.181366	 357.350525	 85.919243	 386.782318	 317.127014	 87.045723	 386.995331	 337.205627	 73.818314
432.130096	 289.406250	 71.001579	 412.126129	 388.425507	 65.778572	 387.177490	 357.348022	 85.915756	 386.778015	 317.125519	 87.047508	 386.991425	 337.203461	 73.813805
430.632324	 289.923828	 70.501518	 411.268188	 387.529449	 64.833160	 387.170563	 357.348389	 85.915962	 386.772797	 317.126221	 87.042297	 386.983154	 337.201965	 73.815819
429.224396	 290.434540	 69.955139	 410.544556	 386.594940	 63.981522	 387.161560	 357.349152	 85.919640	 386.767700	 317.127625	 87.037483	 386.975494	 337.204926	 73.818489
427.907135	 290.862030	 69.344292	 409.877808	 385.568756	 63.205048	 387.156952	 357.348267	 85.917831	 386.758789	 317.124969	 87.041824	 386.969421	 337.204224	 73.815285
426.667267	 291.239197	 68.710526	 409.219147	 384.448883	 62.397083	 387.154449	 357.350281	 85.915092	 386.751587	 317.125671	 87.045631	 386.964935	 337.205627	 73.812866
425.483368	 291.623138	 68.055481	 408.588776	 383.211700	 61.473076	 387.149048	 357.350159	 85.918640	 386.751251	 317.127106	 87.038895	 386.963806	 337.205414	 73.812012
424.339996	 292.080933	 67.383972	 407.987518	 381.808044	 60.450882	 387.147217	 357.349884	 85.920013	 386.750702	 317.125702	 87.038063	 386.963837	 337.202576	 73.811737
423.261292	 292.643158	 66.766655	 407.429932	 380.239746	 59.417686	 387.148376	 357.352173	 85.916840	 386.749054	 317.125763	 87.041176	 386.963623	 337.204803	 73.806839
422.274139	 293.255615	 66.215698	 407.012085	 378.562927	 58.432724	 387.144379	 357.349152	 85.915504	 386.745941	 317.124603	 87.036484	 386.960083	 337.204437	 73.807487
421.370880	 293.860229	 65.777275	 407.014404	 377.831299	 58.107616	 387.141693	 357.347443	 85.911240	 386.743195	 317.123901	 87.035660	 386.956940	 337.201355	 73.807068
420.543945	 294.479950	 65.434792	 407.411682	 377.927979	 58.271671	 387.153564	 357.346466	 85.914124	 386.756958	 317.124878	 87.035225	 386.964478	 337.201782	 73.808922
419.056213	 295.677948	 64.782188	 408.026886	 378.042908	 58.442589	 387.139709	 357.348145	 85.904510	 386.739685	 317.123169	 87.034584	 386.955750	 337.201263	 73.805756
418.384277	 296.246185	 64.422134	 408.190887	 378.039551	 58.534191	 387.121338	 357.351379	 85.900360	 386.723785	 317.127991	 87.023148	 386.939575	 337.205109	 73.802643
417.823273	 296.776245	 64.226395	 408.329224	 378.026245	 58.687153	 387.087463	 357.350891	 85.895882	 386.692749	 317.129028	 87.014618	 386.911102	 337.205200	 73.798912
417.359070	 297.298676	 64.159012	 408.485687	 378.026611	 58.903549	 387.061127	 357.355072	 85.894997	 386.663269	 317.129364	 87.013870	 386.884521	 337.207062	 73.793159
416.960785	 297.773590	 64.133514	 408.633759	 378.020447	 59.140728	 387.056091	 357.353027	 85.896942	 386.660980	 317.126862	 87.012428	 386.879730	 337.205231	 73.788780
416.628510	 298.159485	 64.163269	 408.738892	 378.005157	 59.334316	 387.049286	 357.348419	 85.903755	 386.658875	 317.123322	 87.012070	 386.879211	 337.201508	 73.787537
416.340698	 298.492188	 64.259056	 408.779266	 377.976318	 59.498661	 387.031097	 357.348633	 85.905762	 386.637024	 317.123749	 87.014030	 386.864197	 337.202515	 73.783661
416.099884	 298.782104	 64.377464	 408.762238	 377.932129	 59.641262	 386.990814	 357.345490	 85.900284	 386.599640	 317.120300	 87.007271	 386.823608	 337.198120	 73.789909
415.898010	 299.016449	 64.506866	 408.705566	 377.897522	 59.759705	 386.912994	 357.343811	 85.895805	 386.530457	 317.117645	 87.000122	 386.757904	 337.195679	 73.785332
415.719910	 299.199554	 64.661247	 408.639618	 377.866486	 59.880714	 386.811462	 357.339722	 85.895142	 386.434967	 317.114044	 86.999435	 386.669495	 337.193970	 73.780075
415.578949	 299.337555	 64.793167	 408.563751	 377.829315	 60.018032	 386.701752	 357.333313	 85.886787	 386.329102	 317.109222	 86.993187	 386.570343	 337.185760	 73.785820
415.447723	 299.436615	 64.902374	 408.450073	 377.796539	 60.155094	 386.563141	 357.331787	 85.870064	 386.191437	 317.108032	 86.983818	 386.449799	 337.184540	 73.783066
415.327606	 299.521271	 65.012627	 408.296631	 377.769348	 60.298779	 386.377533	 357.313385	 85.854897	 386.031464	 317.087677	 86.976776	 386.305878	 337.168732	 73.769333
415.234680	 299.611176	 65.155159	 408.107483	 377.748718	 60.449284	 386.129364	 357.251617	 85.838120	 385.870056	 317.024963	 86.959961	 386.135864	 337.106415	 73.750214
415.152557	 299.699585	 65.323959	 407.891449	 377.728241	 60.597042	 385.829803	 357.162689	 85.816078	 385.694214	 316.936310	 86.928795	 385.947815	 337.017090	 73.724876
415.075897	 299.784180	 65.502968	 407.692627	 377.718750	 60.736099	 385.533081	 357.086761	 85.794350	 385.515076	 316.859161	 86.902870	 385.766113	 336.940430	 73.704086
415.004944	 299.878693	 65.691689	 407.530121	 377.739227	 60.884743	 385.269989	 357.055420	 85.784904	 385.342560	 316.824890	 86.901428	 385.600922	 336.906219	 73.696457
414.936096	 299.992981	 65.907089	 407.410400	 377.782349	 61.051338	 385.048553	 357.081421	 85.801994	 385.173950	 316.851410	 86.934799	 385.457153	 336.927582	 73.713356
414.878876	 300.133301	 66.197395	 407.331665	 377.854095	 61.242683	 384.879272	 357.168396	 85.854065	 385.032990	 316.939911	 87.032944	 385.351227	 337.003113	 73.787285
414.836548	 300.306610	 66.599648	 407.291077	 377.962097	 61.491730	 384.742737	 357.310028	 85.999779	 384.915375	 317.085754	 87.231560	 385.274384	 337.128113	 73.962608
414.812866	 300.500763	 67.155815	 407.281128	 378.077332	 61.846329	 384.623657	 357.478149	 86.278694	 384.810791	 317.263672	 87.581535	 385.216064	 337.277863	 74.271507
414.817230	 300.700287	 67.909447	 407.291748	 378.201996	 62.349171	 384.540894	 357.671295	 86.693840	 384.735413	 317.459229	 88.110641	 385.186310	 337.436859	 74.750908
414.845642	 300.922211	 68.890305	 407.348938	 378.348755	 63.038464	 384.518219	 357.915833	 87.310745	 384.704346	 317.705231	 88.870445	 385.199585	 337.636200	 75.454102
414.907440	 301.165131	 70.110977	 407.490692	 378.517365	 63.939510	 384.589417	 358.220337	 88.191521	 384.739227	 318.013611	 89.916588	 385.283478	 337.893707	 76.424408
415.006653	 301.409973	 71.563225	 407.717987	 378.707703	 65.109200	 384.776855	 358.567780	 89.367096	 384.850983	 318.366089	 91.260651	 385.449158	 338.187927	 77.683243
415.127991	 301.634552	 73.236366	 408.015076	 378.887329	 66.582954	 385.061035	 358.901215	 90.868103	 385.031799	 318.709991	 92.892868	 385.674988	 338.481415	 79.260155
415.269897	 301.808899	 75.131538	 408.335022	 379.026978	 68.391663	 385.384247	 359.154205	 92.714279	 385.255493	 318.968048	 94.798843	 385.929596	 338.718658	 81.142197
415.421417	 301.906982	 77.230751	 408.633484	 379.108917	 70.547722	 385.703186	 359.288086	 94.898270	 385.494843	 319.097809	 96.955658	 386.189606	 338.857361	 83.298470
415.570862	 301.917603	 79.526566	 408.873840	 379.107941	 73.061424	 385.986267	 359.264099	 97.385529	 385.724792	 319.068329	 99.343689	 386.426331	 338.861969	 85.731491
415.722076	 301.827911	 82.032753	 409.050446	 379.016174	 75.920319	 386.212158	 359.069946	 100.171501	 385.942200	 318.865356	 101.949837	 386.617889	 338.718536	 88.439827
415.869476	 301.652496	 84.759941	 409.190857	 378.845734	 79.093269	 386.410919	 358.752655	 103.253860	 386.156799	 318.539154	 104.798843	 386.789886	 338.470245	 91.416008
416.025421	 301.424408	 87.749641	 409.320160	 378.620728	 82.567055	 386.614502	 358.375458	 106.639397	 386.374847	 318.152069	 107.935432	 386.968506	 338.168488	 94.668472
416.206268	 301.175934	 91.069038	 409.431305	 378.372253	 86.357780	 386.826355	 357.974396	 110.339561	 386.617920	 317.743652	 111.387993	 387.159302	 337.837463	 98.240028
416.423126	 300.947205	 94.754181	 409.531616	 378.133514	 90.447227	 387.046387	 357.580109	 114.349983	 386.895599	 317.344666	 115.194702	 387.366394	 337.509460	 102.133774
416.681122	 300.753815	 98.779488	 409.637878	 377.921295	 94.767937	 387.286682	 357.230713	 118.666397	 387.223083	 316.991089	 119.341667	 387.598145	 337.213715	 106.348412
416.961487	 300.595184	 103.108665	 409.766083	 377.742828	 99.277557	 387.583466	 356.958160	 123.235947	 387.601563	 316.718719	 123.809357	 387.874542	 336.972656	 110.866188
417.271790	 300.465485	 107.695564	 409.929382	 377.591248	 103.959320	 387.952148	 356.766510	 128.024963	 388.028534	 316.522919	 128.591644	 388.191772	 336.786285	 115.646721
417.610474	 300.340057	 112.528381	 410.102295	 377.453644	 108.813316	 388.354584	 356.614624	 133.036148	 388.507751	 316.371124	 133.627335	 388.531921	 336.622711	 120.679108
417.974823	 300.223938	 117.588150	 410.263763	 377.326324	 113.847206	 388.763550	 356.470551	 138.253891	 389.013458	 316.228577	 138.897873	 388.889801	 336.464081	 125.931366
418.365112	 300.117035	 122.830612	 410.438873	 377.196808	 119.064255	 389.200623	 356.327789	 143.660904	 389.543610	 316.084534	 144.379807	 389.272003	 336.306976	 131.373520
418.782715	 300.001404	 128.223099	 410.641937	 377.066254	 124.462646	 389.669342	 356.170074	 149.265732	 390.111969	 315.933655	 150.015472	 389.683624	 336.140869	 136.989731
419.230072	 299.874481	 133.771667	 410.870819	 376.928253	 130.034805	 390.161285	 355.979431	 155.050079	 390.716522	 315.751465	 155.793793	 390.127075	 335.951965	 142.770950
419.713287	 299.738007	 139.461945	 411.119507	 376.773529	 135.793335	 390.682404	 355.758026	 160.981674	 391.362396	 315.532623	 161.702255	 390.607788	 335.738800	 148.692902
420.241028	 299.600983	 145.264877	 411.406403	 376.623383	 141.705185	 391.243286	 355.527679	 167.043411	 392.046906	 315.303650	 167.737427	 391.120728	 335.517822	 154.747833
420.810211	 299.472839	 151.154343	 411.739197	 376.479675	 147.729385	 391.850708	 355.296875	 173.230225	 392.774384	 315.072754	 173.888260	 391.683777	 335.297546	 160.912201
421.423981	 299.340698	 157.110413	 412.112854	 376.325470	 153.868988	 392.517639	 355.047516	 179.517548	 393.556122	 314.822693	 180.116302	 392.302338	 335.062531	 167.172363
422.073334	 299.201141	 163.134064	 412.532227	 376.171967	 160.093323	 393.229919	 354.789886	 185.878479	 394.381866	 314.562622	 186.398224	 392.957367	 334.822998	 173.510376
422.751526	 299.065247	 169.197708	 412.989471	 376.017059	 166.375900	 393.981140	 354.531586	 192.277390	 395.244751	 314.303467	 192.718124	 393.651459	 334.587830	 179.879044
423.476074	 298.934357	 175.263855	 413.495239	 375.860962	 172.680542	 394.784027	 354.273193	 198.687820	 396.147675	 314.048401	 199.040054	 394.390350	 334.358398	 186.265915
424.230530	 298.812408	 181.333405	 414.056793	 375.717407	 178.973083	 395.629456	 354.037933	 205.100830	 397.084869	 313.816650	 205.358215	 395.169220	 334.146576	 192.645645
425.015778	 298.698090	 187.389801	 414.666962	 375.579468	 185.246841	 396.525360	 353.822937	 211.487747	 398.063599	 313.605103	 211.657700	 396.003143	 333.953583	 198.994217
425.836914	 298.582367	 193.408936	 415.330444	 375.451416	 191.467606	 397.466003	 353.623108	 217.827057	 399.079010	 313.406708	 217.911713	 396.876099	 333.773865	 205.306213
426.680298	 298.466492	 199.360611	 416.023163	 375.322021	 197.613663	 398.430511	 353.427002	 224.091400	 400.109894	 313.211700	 224.092865	 397.772552	 333.596039	 211.528275
427.542480	 298.335327	 205.212082	 416.732819	 375.172302	 203.667847	 399.398010	 353.201965	 230.241379	 401.154053	 312.990784	 230.162201	 398.685242	 333.395599	 217.638306
428.431305	 298.183136	 210.919006	 417.460083	 375.005127	 209.586517	 400.378632	 352.951843	 236.246429	 402.206055	 312.742676	 236.083939	 399.608246	 333.167938	 223.618118
429.332031	 298.010284	 216.449005	 418.210205	 374.817902	 215.323456	 401.369446	 352.685333	 242.074570	 403.258331	 312.478088	 241.828598	 400.537872	 332.921417	 229.413528
430.231934	 297.800903	 221.788193	 418.966431	 374.599762	 220.857483	 402.352081	 352.391357	 247.681458	 404.309174	 312.189758	 247.355148	 401.469299	 332.650238	 235.002396
431.137115	 297.569122	 226.898849	 419.705933	 374.358734	 226.162292	 403.310638	 352.067719	 253.049835	 405.338928	 311.868927	 252.641296	 402.382172	 332.346497	 240.346436
432.043793	 297.324036	 231.776993	 420.430206	 374.094513	 231.215378	 404.238220	 351.713745	 258.166321	 406.354309	 311.521271	 257.677185	 403.285919	 332.016113	 245.422440
432.954834	 297.070557	 236.410446	 421.131836	 373.819489	 236.009018	 405.134399	 351.349701	 263.003235	 407.357391	 311.163818	 262.442566	 404.176086	 331.670013	 250.235611
433.840057	 296.833344	 240.790085	 421.810913	 373.558777	 240.507065	 405.989624	 351.018158	 267.535889	 408.318359	 310.835602	 266.930573	 405.030212	 331.345490	 254.754395
434.691956	 296.625214	 244.879456	 422.455322	 373.324341	 244.657684	 406.795349	 350.738281	 271.728699	 409.226898	 310.561737	 271.118835	 405.844910	 331.064392	 258.946381
435.499969	 296.461823	 248.651215	 423.047455	 373.140625	 248.438904	 407.529724	 350.529968	 275.550995	 410.070313	 310.358612	 274.960052	 406.595184	 330.844574	 262.789856
436.232483	 296.368286	 252.084686	 423.587067	 373.023376	 251.810120	 408.194061	 350.411652	 278.976196	 410.832031	 310.245972	 278.429260	 407.279663	 330.707306	 266.244141
436.894592	 296.344238	 255.139084	 424.065765	 372.974518	 254.759979	 408.783752	 350.381134	 281.993256	 411.512421	 310.219574	 281.515991	 407.889801	 330.650269	 269.301514
437.473114	 296.388000	 257.807465	 424.470978	 372.993744	 257.281494	 409.285797	 350.432831	 284.590668	 412.100250	 310.275543	 284.196564	 408.414978	 330.670013	 271.938385
437.957947	 296.486267	 260.056824	 424.807251	 373.063354	 259.348114	 409.700073	 350.545959	 286.735107	 412.589203	 310.394043	 286.445740	 408.851166	 330.749420	 274.131775
438.350159	 296.610687	 261.863525	 425.055634	 373.166962	 260.969086	 410.016357	 350.697174	 288.421844	 412.979431	 310.549957	 288.242462	 409.193207	 330.867249	 275.872742
438.654449	 296.750366	 263.195770	 425.218964	 373.285095	 262.150330	 410.238708	 350.857483	 289.654327	 413.271790	 310.715820	 289.566528	 409.439697	 330.997253	 277.157898
438.877747	 296.869965	 264.004913	 425.317230	 373.386536	 262.878815	 410.381500	 350.974152	 290.419800	 413.481812	 310.837982	 290.386841	 409.608093	 331.094147	 277.957397
439.019958	 296.949829	 264.268372	 425.351990	 373.457123	 263.148407	 410.450500	 351.021545	 290.701813	 413.608490	 310.888733	 290.673401	 409.706329	 331.138916	 278.235291
439.068298	 296.993103	 263.970703	 425.338257	 373.495880	 262.943329	 410.453461	 351.011536	 290.480286	 413.650085	 310.882568	 290.399017	 409.727600	 331.143707	 277.986938
439.020172	 296.998688	 263.120117	 425.290985	 373.503601	 262.246796	 410.397675	 350.954803	 289.740082	 413.598938	 310.827362	 289.571899	 409.677216	 331.118164	 277.209625
438.881622	 296.972443	 261.737457	 425.203339	 373.491425	 261.060242	 410.264526	 350.865387	 288.487518	 413.443115	 310.735138	 288.197693	 409.542999	 331.063446	 275.897644
438.653534	 296.926208	 259.830475	 425.061005	 373.458496	 259.375763	 410.035980	 350.747620	 286.709106	 413.172913	 310.616425	 286.273926	 409.318481	 330.988678	 274.039368
438.348877	 296.856018	 257.397247	 424.843292	 373.398376	 257.177002	 409.695526	 350.594971	 284.375824	 412.785126	 310.463440	 283.798737	 408.998413	 330.889526	 271.627655
437.966949	 296.768738	 254.475479	 424.526825	 373.317535	 254.478348	 409.219116	 350.413788	 281.509888	 412.278473	 310.281982	 280.790924	 408.571411	 330.759460	 268.680054
437.514069	 296.682404	 251.095764	 424.115692	 373.224670	 251.283035	 408.610657	 350.231537	 278.125397	 411.654480	 310.101105	 277.280212	 408.034180	 330.621552	 265.219086
436.997955	 296.617950	 247.302612	 423.621063	 373.152924	 247.578033	 407.889435	 350.096619	 274.225006	 410.927399	 309.968262	 273.296143	 407.411591	 330.521942	 261.260529
436.414337	 296.592651	 243.133499	 423.047638	 373.126007	 243.389221	 407.064911	 350.040405	 269.841766	 410.102539	 309.912292	 268.887665	 406.699310	 330.483154	 256.848877
435.775879	 296.604248	 238.605103	 422.394775	 373.127228	 238.751495	 406.151245	 350.042114	 265.012482	 409.193390	 309.914764	 264.082367	 405.907501	 330.486420	 252.019470
435.106354	 296.634888	 233.746902	 421.667542	 373.145264	 233.686798	 405.153839	 350.072418	 259.772400	 408.223083	 309.948334	 258.886322	 405.054871	 330.509857	 246.783676
434.396271	 296.686707	 228.575256	 420.875549	 373.181183	 228.256592	 404.071655	 350.126556	 254.162598	 407.186493	 310.004120	 253.338333	 404.134216	 330.549591	 241.184616
433.616638	 296.763702	 223.080582	 420.034790	 373.237976	 222.497940	 402.929565	 350.215302	 248.207596	 406.087585	 310.095367	 247.481888	 403.160736	 330.617767	 235.263199
432.789856	 296.872803	 217.322021	 419.163879	 373.330597	 216.449478	 401.748322	 350.345703	 241.955643	 404.943329	 310.228882	 241.341263	 402.148743	 330.723633	 229.050308
431.949066	 297.011780	 211.365799	 418.278900	 373.450897	 210.185349	 400.540039	 350.496765	 235.481506	 403.767365	 310.382233	 234.964005	 401.112701	 330.854919	 222.605591
431.100739	 297.166321	 205.222870	 417.389954	 373.588623	 203.765671	 399.335724	 350.657654	 228.834595	 402.583191	 310.543976	 228.403595	 400.072937	 330.997437	 215.987610
430.231323	 297.341064	 198.875732	 416.525146	 373.752808	 197.224808	 398.162994	 350.839386	 222.043747	 401.411713	 310.723877	 221.702728	 399.051422	 331.165558	 209.239975
429.382813	 297.541626	 192.414551	 415.716827	 373.944916	 190.606430	 397.043945	 351.036102	 215.181366	 400.278900	 310.924042	 214.902573	 398.075653	 331.362457	 202.403976
428.547668	 297.753998	 185.888916	 414.966797	 374.154358	 183.947891	 395.989960	 351.248718	 208.291779	 399.196228	 311.136047	 208.034164	 397.145355	 331.577087	 195.524536
427.731201	 297.973724	 179.321777	 414.274841	 374.374878	 177.289627	 394.996033	 351.478088	 201.389023	 398.159851	 311.358032	 201.137680	 396.261871	 331.810150	 188.622757
426.949432	 298.189362	 172.753220	 413.638184	 374.595917	 170.641571	 394.062286	 351.706573	 194.519180	 397.169220	 311.577515	 194.249710	 395.432251	 332.045837	 181.739563
426.198853	 298.390015	 166.205551	 413.042725	 374.810913	 164.016159	 393.185913	 351.931000	 187.688141	 396.225433	 311.798157	 187.393600	 394.647095	 332.279907	 174.892242
425.492920	 298.589355	 159.699387	 412.497070	 375.023041	 157.444458	 392.367889	 352.157776	 180.918762	 395.347626	 312.029083	 180.596817	 393.912964	 332.521149	 168.104187
424.845886	 298.788849	 153.299362	 412.020569	 375.237823	 150.950027	 391.633972	 352.403870	 174.235458	 394.540100	 312.275299	 173.914291	 393.253387	 332.773224	 161.421310
424.252411	 298.991364	 147.060394	 411.619690	 375.466614	 144.570953	 390.984558	 352.683228	 167.682663	 393.799255	 312.550568	 167.402420	 392.666077	 333.047577	 154.891052
423.727356	 299.202820	 140.987320	 411.286194	 375.694885	 138.336151	 390.410309	 352.979889	 161.286819	 393.134003	 312.839569	 161.070847	 392.145844	 333.327606	 148.533905
423.275757	 299.411072	 135.128128	 411.013123	 375.916382	 132.268677	 389.905640	 353.285645	 155.071121	 392.539307	 313.135803	 154.942459	 391.692657	 333.601105	 142.370377
422.895599	 299.633453	 129.514175	 410.809174	 376.144592	 126.374214	 389.474426	 353.622375	 149.059601	 392.014679	 313.460266	 149.054550	 391.314087	 333.897888	 136.422623
422.581146	 299.853912	 124.181679	 410.681091	 376.368866	 120.667122	 389.120880	 353.980835	 143.255051	 391.563446	 313.808014	 143.407364	 391.009247	 334.210388	 130.699814
422.326111	 300.044037	 119.104416	 410.602417	 376.566895	 115.184677	 388.819458	 354.324066	 137.686508	 391.172333	 314.151428	 137.997421	 390.757751	 334.499878	 125.214394
422.100983	 300.189484	 114.242378	 410.565002	 376.716919	 109.930161	 388.566132	 354.626343	 132.338821	 390.823120	 314.452759	 132.833679	 390.545197	 334.743042	 119.975883
421.926575	 300.276550	 109.663719	 410.543396	 376.805939	 104.946083	 388.346558	 354.844421	 127.241234	 390.518646	 314.669983	 127.908463	 390.371307	 334.911194	 114.981720
421.787842	 300.294373	 105.319992	 410.514465	 376.826263	 100.264046	 388.145996	 354.954224	 122.455078	 390.262054	 314.780304	 123.233765	 390.222748	 334.984894	 110.254654
421.659363	 300.252625	 101.121185	 410.497162	 376.786316	 95.882759	 387.993042	 354.973633	 117.996727	 390.058624	 314.799957	 118.862701	 390.102356	 334.982086	 105.831856
421.562653	 300.166565	 97.185387	 410.493927	 376.705566	 91.819618	 387.897705	 354.936707	 113.901352	 389.914185	 314.759521	 114.829811	 390.021057	 334.927704	 101.761642
421.487305	 300.049835	 93.541000	 410.500366	 376.601013	 88.087112	 387.847992	 354.861084	 110.174667	 389.830933	 314.683624	 111.139381	 389.972260	 334.839325	 98.056114
421.438141	 299.911163	 90.199043	 410.511963	 376.472198	 84.677055	 387.839264	 354.753754	 106.797272	 389.799377	 314.580231	 107.785957	 389.947174	 334.722412	 94.702644
421.408600	 299.749390	 87.154060	 410.516174	 376.324127	 81.583252	 387.847961	 354.624786	 103.748131	 389.794708	 314.448029	 104.768753	 389.933807	 334.579926	 91.668968
421.394714	 299.577972	 84.394081	 410.524200	 376.164795	 78.792374	 387.866272	 354.476593	 101.005257	 389.807678	 314.298370	 102.067085	 389.935699	 334.421936	 88.933533
421.394318	 299.395020	 81.910477	 410.548676	 375.991913	 76.297638	 387.912140	 354.308075	 98.569733	 389.845428	 314.131073	 99.653755	 389.958740	 334.248962	 86.503044
421.400726	 299.198151	 79.685349	 410.587463	 375.811951	 74.095757	 387.989532	 354.136078	 96.416420	 389.901215	 313.958435	 97.500702	 389.991943	 334.073914	 84.361160
421.394196	 298.998566	 77.686691	 410.634521	 375.632629	 72.171570	 388.073151	 353.965210	 94.540138	 389.955078	 313.787170	 95.590233	 390.025330	 333.906921	 82.464355
421.371002	 298.784119	 75.891823	 410.682434	 375.444122	 70.492111	 388.151184	 353.775818	 92.912086	 389.998047	 313.594421	 93.900185	 390.051514	 333.730133	 80.797081
421.335419	 298.554688	 74.284370	 410.730927	 375.246002	 69.047630	 388.237183	 353.569550	 91.486351	 390.034332	 313.382935	 92.409882	 390.079132	 333.542206	 79.334198
421.293396	 298.327026	 72.856903	 410.789703	 375.051300	 67.821144	 388.341553	 353.364319	 90.272652	 390.075714	 313.175079	 91.113327	 390.114014	 333.361542	 78.076988
421.245972	 298.114197	 71.591042	 410.869354	 374.876434	 66.794792	 388.476135	 353.183228	 89.276291	 390.131073	 312.988159	 90.008553	 390.155823	 333.205170	 77.030487
421.186890	 297.919495	 70.468292	 410.960846	 374.721985	 65.950981	 388.623901	 353.020111	 88.468033	 390.195374	 312.819611	 89.062149	 390.205475	 333.071808	 76.151863
421.115234	 297.727570	 69.463127	 411.037292	 374.562103	 65.250244	 388.769165	 352.834503	 87.799492	 390.247009	 312.630951	 88.254494	 390.248901	 332.929504	 75.405380
421.032562	 297.543854	 68.559418	 411.071411	 374.391327	 64.664452	 388.877350	 352.619873	 87.254562	 390.293335	 312.417206	 87.546036	 390.269348	 332.768402	 74.775063
421.002991	 297.540314	 68.066780	 411.184662	 374.467377	 64.095222	 389.086761	 352.778992	 86.901245	 390.431335	 312.552826	 87.288956	 390.359985	 332.861542	 74.449226
421.031494	 297.662506	 67.974556	 411.296997	 374.554749	 63.645485	 389.362640	 353.090790	 86.709160	 390.614990	 312.879150	 87.379402	 390.492706	 333.117065	 74.409828
420.984497	 297.622711	 67.688774	 411.246979	 374.515076	 63.253105	 389.459045	 353.118164	 86.517334	 390.706970	 312.907471	 87.266167	 390.512970	 333.113647	 74.239677
420.904999	 297.614746	 67.383560	 411.170929	 374.521851	 62.847771	 389.485229	 353.139862	 86.299873	 390.761169	 312.929840	 87.115631	 390.488586	 333.108368	 74.041855
420.840454	 297.615265	 67.155014	 411.166412	 374.512970	 62.507633	 389.603638	 353.232758	 86.135529	 390.827179	 313.029297	 87.050507	 390.499084	 333.175903	 73.936104
420.785583	 297.579498	 66.935425	 411.144379	 374.503632	 62.193951	 389.708069	 353.302826	 85.990639	 390.892670	 313.096405	 87.000435	 390.510101	 333.209564	 73.847519
420.732758	 297.553802	 66.759270	 411.087494	 374.478485	 61.911251	 389.764404	 353.333252	 85.865051	 390.943054	 313.124603	 86.954300	 390.503693	 333.212982	 73.760574
420.712067	 297.460693	 66.647156	 411.039124	 374.396545	 61.823444	 389.829926	 353.265900	 85.889870	 391.010223	 313.060150	 86.983398	 390.517120	 333.145203	 73.772179
420.707306	 297.360535	 66.581490	 410.987000	 374.317871	 61.807755	 389.873901	 353.167786	 85.952522	 391.078613	 312.959869	 87.035156	 390.525757	 333.048645	 73.838577
420.678833	 297.263947	 66.516113	 410.918365	 374.243134	 61.750664	 389.867249	 353.095795	 85.950768	 391.083008	 312.886902	 87.045708	 390.491608	 332.973694	 73.850960
420.653656	 297.166321	 66.485771	 410.822144	 374.174896	 61.734695	 389.812714	 353.020447	 85.953239	 391.047302	 312.813171	 87.055206	 390.433289	 332.895844	 73.858444
420.626129	 297.117249	 66.469025	 410.729828	 374.142914	 61.728481	 389.740875	 352.980499	 85.945709	 391.001190	 312.774475	 87.044922	 390.376099	 332.856842	 73.848938
420.599243	 297.087860	 66.447723	 410.660797	 374.139374	 61.714611	 389.678406	 352.973114	 85.933868	 390.949097	 312.769806	 87.036697	 390.327667	 332.852356	 73.832352
420.584412	 297.055511	 66.416206	 410.579651	 374.144836	 61.714428	 389.616089	 352.971527	 85.926865	 390.902710	 312.767944	 87.031502	 390.276550	 332.849884	 73.823051
420.576538	 297.012512	 66.370682	 410.481323	 374.151306	 61.708843	 389.543762	 352.963409	 85.923660	 390.858734	 312.760620	 87.019936	 390.215485	 332.840912	 73.820450
420.578125	 296.957855	 66.314224	 410.356537	 374.159393	 61.701370	 389.448517	 352.944855	 85.927246	 390.805359	 312.743774	 87.021301	 390.140137	 332.821808	 73.820389
420.581390	 296.898407	 66.240898	 410.181763	 374.174896	 61.702118	 389.316711	 352.923584	 85.922806	 390.733551	 312.724731	 87.020226	 390.038910	 332.801056	 73.815414
420.593353	 296.823242	 66.154099	 409.953278	 374.193298	 61.696728	 389.137146	 352.888641	 85.923462	 390.631561	 312.693939	 87.017883	 389.902008	 332.769623	 73.814499
420.621552	 296.734436	 66.065155	 409.688782	 374.221649	 61.679001	 388.923370	 352.845184	 85.927910	 390.515198	 312.653809	 87.014709	 389.732971	 332.725983	 73.816162
420.675018	 296.631348	 66.000069	 409.389191	 374.258789	 61.657410	 388.684906	 352.797150	 85.923477	 390.387817	 312.610931	 87.012184	 389.548828	 332.682587	 73.811920
420.772186	 296.496674	 65.957771	 409.084442	 374.301910	 61.631954	 388.435211	 352.740509	 85.922211	 390.250824	 312.561523	 87.018753	 389.353973	 332.631622	 73.817978
420.925720	 296.332336	 65.910301	 408.804657	 374.355164	 61.601860	 388.209656	 352.692139	 85.923332	 390.132294	 312.515991	 87.016144	 389.176117	 332.582489	 73.819565
421.153778	 296.119537	 65.860847	 408.562592	 374.399750	 61.575424	 388.024170	 352.645325	 85.923225	 390.033142	 312.474274	 87.017426	 389.030121	 332.538300	 73.820786
421.469086	 295.849274	 65.843086	 408.360504	 374.437042	 61.546066	 387.875427	 352.601074	 85.923874	 389.954834	 312.435364	 87.023827	 388.921570	 332.499878	 73.821777
421.865662	 295.525940	 65.862488	 408.199646	 374.484314	 61.502335	 387.764526	 352.575104	 85.924820	 389.894318	 312.411346	 87.022446	 388.840210	 332.475739	 73.818253
422.349640	 295.169922	 65.926064	 408.098206	 374.540955	 61.434559	 387.710571	 352.561707	 85.925171	 389.865479	 312.399078	 87.020142	 388.797577	 332.462830	 73.818451
422.911469	 294.831268	 65.963951	 408.059662	 374.623505	 61.343334	 387.702881	 352.558960	 85.924667	 389.864349	 312.395538	 87.022041	 388.789337	 332.458496	 73.826248
423.544434	 294.518555	 65.954117	 408.071533	 374.760925	 61.249138	 387.709106	 352.560181	 85.937920	 389.870392	 312.399170	 87.025146	 388.797211	 332.461395	 73.831718
424.274658	 294.178619	 65.930977	 408.147583	 375.002319	 61.163136	 387.722076	 352.558929	 85.940567	 389.881226	 312.398468	 87.029953	 388.809174	 332.461792	 73.830376
425.129242	 293.801849	 65.937164	 408.318726	 375.443329	 61.150341	 387.735687	 352.560364	 85.935089	 389.892181	 312.398499	 87.035500	 388.819092	 332.461609	 73.828522
426.115631	 293.385742	 66.025993	 408.676422	 376.255249	 61.290062	 387.740417	 352.560944	 85.936729	 389.898926	 312.399628	 87.032394	 388.822876	 332.460358	 73.835518
427.236115	 292.934509	 66.214600	 409.383240	 377.564850	 61.623379	 387.740021	 352.558777	 85.942688	 389.900146	 312.398315	 87.031746	 388.823883	 332.459778	 73.838860
428.501434	 292.507935	 66.527351	 410.377106	 379.026520	 62.182568	 387.745422	 352.561279	 85.941666	 389.901672	 312.399017	 87.036392	 388.830292	 332.462311	 73.834618
429.915863	 292.222687	 67.032509	 411.568878	 380.345093	 62.871792	 387.754059	 352.563568	 85.937355	 389.906830	 312.400269	 87.039276	 388.834259	 332.464172	 73.835754
431.484039	 292.135925	 67.776207	 412.943420	 381.497833	 63.617622	 387.758881	 352.562286	 85.941376	 389.915833	 312.398834	 87.038795	 388.836334	 332.461487	 73.844032
433.210724	 292.251404	 68.721870	 414.418701	 382.387543	 64.468330	 387.761322	 352.563477	 85.943176	 389.920807	 312.399567	 87.036354	 388.840790	 332.462097	 73.844429
435.091766	 292.554016	 69.825127	 415.990570	 383.061951	 65.503517	 387.764496	 352.562653	 85.945869	 389.924591	 312.399963	 87.037865	 388.848419	 332.464020	 73.841698
437.133545	 292.987793	 71.049248	 417.720764	 383.664032	 66.770622	 387.770905	 352.562927	 85.941643	 389.929779	 312.398987	 87.038544	 388.854126	 332.462006	 73.842110
439.347992	 293.479553	 72.375328	 419.624115	 384.202148	 68.279556	 387.777130	 352.564911	 85.943329	 389.938751	 312.402496	 87.034401	 388.859833	 332.462036	 73.844727
441.752258	 293.970642	 73.751884	 421.637360	 384.581635	 70.042397	 387.780334	 352.562225	 85.949501	 389.944763	 312.401611	 87.035538	 388.863220	 332.461578	 73.850426
444.355438	 294.351013	 75.038681	 423.720947	 384.786682	 72.052109	 387.787659	 352.562714	 85.942818	 389.944244	 312.399384	 87.044533	 388.869385	 332.461975	 73.847389
447.164917	 294.563324	 76.208458	 425.909821	 384.884277	 74.240562	 387.793549	 352.563324	 85.937805	 389.949280	 312.399933	 87.043472	 388.875183	 332.463043	 73.843590
450.199158	 294.661652	 77.330574	 428.241333	 384.908264	 76.495857	 387.797699	 352.560760	 85.942299	 389.958344	 312.397522	 87.038147	 388.879974	 332.459747	 73.847404
453.462952	 294.701263	 78.389488	 430.688049	 384.808716	 78.711601	 387.802795	 352.562561	 85.944794	 389.965027	 312.398132	 87.044243	 388.886932	 332.460236	 73.845436
456.969208	 294.733704	 79.361053	 433.212891	 384.508972	 80.759720	 387.807037	 352.562042	 85.948586	 389.969238	 312.399750	 87.047371	 388.890625	 332.463776	 73.849220
460.748627	 294.786041	 80.233543	 435.774567	 383.950409	 82.530205	 387.813873	 352.562286	 85.949142	 389.975250	 312.400024	 87.042992	 388.896118	 332.463104	 73.849983
464.827911	 294.848419	 81.030472	 438.369232	 383.101166	 83.913826	 387.818573	 352.566803	 85.946564	 389.979645	 312.401245	 87.043472	 388.899170	 332.464722	 73.850006
469.243927	 294.884888	 81.747620	 441.034088	 381.970978	 84.872490	 387.819336	 352.565247	 85.949959	 389.980957	 312.400940	 87.045303	 388.899261	 332.464355	 73.852264
474.048920	 294.879181	 82.368217	 443.835083	 380.591125	 85.461723	 387.821075	 352.563446	 85.947899	 389.981354	 312.401276	 87.044823	 388.903107	 332.463593	 73.848724
479.271179	 294.836761	 82.938622	 446.828461	 378.928253	 85.774757	 387.817169	 352.568542	 85.948845	 389.978943	 312.405334	 87.045326	 388.901611	 332.467377	 73.843208
484.932739	 294.772400	 83.526131	 450.066742	 376.927124	 85.855499	 387.808319	 352.569763	 85.950005	 389.969330	 312.406830	 87.046333	 388.897614	 332.469818	 73.840240
491.030090	 294.712708	 84.114532	 453.604492	 374.602264	 85.723358	 387.799927	 352.572113	 85.945351	 389.957428	 312.407806	 87.049324	 388.883942	 332.470276	 73.853348
497.563293	 294.656281	 84.582275	 457.483307	 371.941467	 85.359406	 387.792206	 352.569641	 85.951401	 389.948730	 312.407288	 87.052773	 388.873627	 332.471497	 73.852524
504.516388	 294.596710	 84.868347	 461.742462	 368.895142	 84.719444	 387.788635	 352.564209	 85.948578	 389.946716	 312.403748	 87.050659	 388.872101	 332.465973	 73.847305
511.881897	 294.549042	 84.931610	 466.428741	 365.417877	 83.711311	 387.786621	 352.566345	 85.944656	 389.947113	 312.404846	 87.047577	 388.869812	 332.466705	 73.851074
519.656250	 294.515137	 84.720764	 471.627930	 361.473724	 82.248802	 387.788666	 352.565582	 85.944267	 389.949463	 312.405487	 87.047096	 388.868683	 332.468323	 73.854050
527.820190	 294.525024	 84.191391	 477.418610	 357.119781	 80.334648	 387.787292	 352.564880	 85.945938	 389.947968	 312.404297	 87.045624	 388.866364	 332.463562	 73.854469
536.331726	 294.640320	 83.347824	 483.865326	 352.598785	 78.066406	 387.781525	 352.565674	 85.950943	 389.942261	 312.405792	 87.048599	 388.863861	 332.465271	 73.851074
545.151917	 294.906433	 82.218063	 490.987946	 348.383148	 75.571281	 387.780609	 352.562622	 85.950546	 389.939362	 312.402374	 87.050095	 388.864532	 332.466003	 73.848900
554.197510	 295.391998	 80.879501	 498.704895	 344.880981	 72.947235	 387.781677	 352.564117	 85.947906	 389.940186	 312.402313	 87.050003	 388.864014	 332.463196	 73.850174
563.335205	 296.175751	 79.461151	 506.874725	 342.156067	 70.315727	 387.785736	 352.567596	 85.945862	 389.944183	 312.405273	 87.044342	 388.864746	 332.464142	 73.850258
572.459595	 297.326324	 78.009972	 515.358765	 340.081177	 67.801895	 387.787354	 352.567566	 85.946007	 389.948334	 312.403717	 87.046593	 388.868073	 332.465118	 73.852760
581.492004	 298.866425	 76.531387	 524.044250	 338.482910	 65.475906	 387.784973	 352.569946	 85.948410	 389.946350	 312.404999	 87.053146	 388.871826	 332.469421	 73.851753
590.433472	 300.732208	 74.989670	 532.881165	 337.177429	 63.326080	 387.782166	 352.567810	 85.948486	 389.943237	 312.406586	 87.048317	 388.867462	 332.469177	 73.851883
599.324585	 302.849976	 73.287346	 541.866211	 336.056885	 61.294868	 387.776672	 352.565430	 85.946266	 389.934998	 312.405151	 87.048317	 388.857117	 332.464844	 73.855080
608.147461	 305.213562	 71.342484	 550.985168	 335.136353	 59.263195	 387.766266	 352.567261	 85.944946	 389.923431	 312.404968	 87.048637	 388.848755	 332.467010	 73.852676
616.898254	 307.786469	 69.189087	 560.178406	 334.485718	 57.191910	 387.761353	 352.565948	 85.946960	 389.922028	 312.405090	 87.047356	 388.845551	 332.468536	 73.850700
625.583740	 310.496796	 66.960258	 569.356628	 334.195953	 55.075138	 387.766266	 352.568329	 85.950851	 389.926453	 312.407318	 87.054367	 388.849854	 332.469666	 73.857170
634.128723	 313.332916	 64.744644	 578.388672	 334.379395	 52.935123	 387.775452	 352.571655	 85.952599	 389.934204	 312.410156	 87.060646	 388.860229	 332.472717	 73.858650
642.380310	 316.320892	 62.580696	 587.157654	 335.141724	 50.786358	 387.788086	 352.570801	 85.953064	 389.947296	 312.409332	 87.060265	 388.871307	 332.473206	 73.857193
650.168152	 319.531036	 60.452877	 595.571167	 336.548248	 48.661488	 387.794403	 352.573822	 85.958000	 389.957184	 312.411774	 87.054420	 388.879852	 332.474487	 73.854500
657.342163	 322.999451	 58.393906	 603.569092	 338.611084	 46.568008	 387.800507	 352.576080	 85.956192	 389.961121	 312.415680	 87.054634	 388.884216	 332.476288	 73.856422
663.845032	 326.730011	 56.394527	 611.154175	 341.287048	 44.467613	 387.807800	 352.574890	 85.954117	 389.964874	 312.416382	 87.054611	 388.888672	 332.475464	 73.856895
669.710938	 330.724884	 54.350124	 618.356873	 344.453979	 42.372002	 387.812805	 352.578613	 85.957466	 389.969421	 312.418213	 87.051750	 388.894897	 332.478607	 73.852486
675.043701	 334.936554	 52.163971	 625.162964	 348.017731	 40.283371	 387.822052	 352.578888	 85.955635	 389.980499	 312.417755	 87.050537	 388.904053	 332.481140	 73.852325
679.982605	 339.296356	 49.778484	 631.546936	 351.946411	 38.192493	 387.827942	 352.576599	 85.954475	 389.988617	 312.415375	 87.052422	 388.910309	 332.477753	 73.854385
684.605713	 343.751007	 47.216835	 637.561951	 356.151093	 36.109615	 387.829651	 352.576843	 85.955055	 389.990967	 312.416229	 87.052841	 388.914856	 332.478638	 73.850639
688.923645	 348.262024	 44.543049	 643.285400	 360.500702	 34.074211	 387.826721	 352.574768	 85.956825	 389.987030	 312.413513	 87.055519	 388.912048	 332.476105	 73.851051
692.937561	 352.839508	 41.786949	 648.742188	 364.920227	 32.112007	 387.819580	 352.576752	 85.953598	 389.978790	 312.413544	 87.057396	 388.905365	 332.475708	 73.849998
696.652527	 357.467590	 39.010254	 653.901733	 369.370392	 30.217188	 387.815186	 352.581207	 85.950401	 389.975128	 312.418304	 87.054062	 388.897186	 332.480286	 73.850250
700.121399	 362.045990	 36.332867	 658.753235	 373.846039	 28.346727	 387.810608	 352.579681	 85.953300	 389.972351	 312.418152	 87.051720	 388.892853	 332.479340	 73.854958
703.392639	 366.461121	 33.855202	 663.330811	 378.305237	 26.470594	 387.806488	 352.579987	 85.956146	 389.969513	 312.418915	 87.055244	 388.892120	 332.479523	 73.854752
706.500671	 370.678497	 31.581207	 667.692627	 382.656006	 24.577110	 387.806976	 352.579437	 85.954620	 389.970154	 312.419037	 87.053459	 388.893066	 332.481995	 73.848450
709.467712	 374.697723	 29.444695	 671.886780	 386.781830	 22.647709	 387.810089	 352.577698	 85.950005	 389.972839	 312.417389	 87.052444	 388.891937	 332.477539	 73.853203
712.304260	 378.525024	 27.386990	 675.927551	 390.596252	 20.723667	 387.807709	 352.579163	 85.952698	 389.971375	 312.417969	 87.055252	 388.891541	 332.478455	 73.853310
715.034180	 382.135651	 25.397060	 679.816467	 394.086975	 18.845602	 387.809631	 352.577850	 85.951935	 389.969666	 312.416595	 87.058701	 388.895752	 332.480225	 73.847961
717.704163	 385.481018	 23.480734	 683.549011	 397.260284	 16.991497	 387.810120	 352.576935	 85.953735	 389.971954	 312.415192	 87.053055	 388.896393	 332.477631	 73.850975
720.325195	 388.446564	 21.761995	 687.106934	 400.115479	 15.206037	 387.808563	 352.578094	 85.952469	 389.972015	 312.415558	 87.047218	 388.891174	 332.477234	 73.855385
722.904968	 390.963898	 20.312193	 690.425476	 402.645905	 13.614967	 387.809204	 352.575684	 85.952293	 389.971313	 312.413239	 87.049438	 388.891144	 332.474487	 73.853874
725.420349	 393.084900	 19.040808	 693.469055	 404.856873	 12.254329	 387.806091	 352.576263	 85.955177	 389.969421	 312.414612	 87.049286	 388.892700	 332.475555	 73.852921
727.840088	 394.876282	 17.834690	 696.286560	 406.737701	 11.073516	 387.804657	 352.578308	 85.953995	 389.966400	 312.417389	 87.053383	 388.889221	 332.478546	 73.857697
730.195984	 396.359344	 16.600870	 698.975220	 408.265839	 9.918810	 387.805756	 352.577759	 85.951248	 389.962921	 312.416687	 87.053535	 388.886200	 332.476044	 73.856529
732.489685	 397.523560	 15.384501	 701.598450	 409.440796	 8.649102	 387.798981	 352.581268	 85.951965	 389.955780	 312.418945	 87.054474	 388.880859	 332.480347	 73.853218
734.732361	 398.378052	 14.166464	 704.148132	 410.279449	 7.247559	 387.790894	 352.579834	 85.953758	 389.950378	 312.418243	 87.058388	 388.874359	 332.481567	 73.860260
736.925232	 398.971497	 12.885122	 706.607361	 410.825012	 5.775926	 387.787323	 352.577881	 85.957802	 389.949036	 312.416626	 87.054688	 388.874420	 332.478058	 73.857124
739.015198	 399.367920	 11.603714	 708.966248	 411.158112	 4.280870	 387.787659	 352.580109	 85.958008	 389.950104	 312.418701	 87.050598	 388.874756	 332.480438	 73.853081
740.965393	 399.608490	 10.421834	 711.170593	 411.350464	 2.900413	 387.799194	 352.580048	 85.947258	 389.957550	 312.416626	 87.052574	 388.877380	 332.477783	 73.859489
742.756531	 399.760590	 9.347274	 713.253601	 411.439636	 1.664642	 387.806885	 352.579651	 85.950600	 389.967194	 312.416382	 87.055351	 388.885681	 332.476624	 73.862793
744.396912	 399.845612	 8.367009	 715.239868	 411.421967	 0.574263	 387.812469	 352.579254	 85.955772	 389.973389	 312.418427	 87.059387	 388.897217	 332.480652	 73.855316
745.924255	 399.848206	 7.417354	 717.135742	 411.297791	 -0.411847	 387.819733	 352.579132	 85.954803	 389.980194	 312.416412	 87.056061	 388.906036	 332.478882	 73.852173
747.330444	 399.785583	 6.469434	 718.900208	 411.071716	 -1.343889	 387.820251	 352.580170	 85.958298	 389.982971	 312.417633	 87.052719	 388.906311	 332.478027	 73.855881
748.623901	 399.647369	 5.515682	 720.479492	 410.742554	 -2.205356	 387.824127	 352.579071	 85.952980	 389.983276	 312.417633	 87.055794	 388.905609	 332.479462	 73.857513
749.845825	 399.428619	 4.505899	 721.931396	 410.346497	 -3.081673	 387.824402	 352.578979	 85.947853	 389.985352	 312.415527	 87.054832	 388.907074	 332.477325	 73.852158
750.957520	 399.153076	 3.459524	 723.313965	 409.907166	 -4.024950	 387.817932	 352.580292	 85.952995	 389.984894	 312.418518	 87.045326	 388.907684	 332.479187	 73.849670
751.940857	 398.891296	 2.288696	 724.587219	 409.445618	 -4.998088	 387.815674	 352.575500	 85.955338	 389.981232	 312.416687	 87.045967	 388.902832	 332.476746	 73.856689
752.771606	 398.692322	 1.017497	 725.685242	 409.076202	 -6.005269	 387.807892	 352.574219	 85.957275	 389.970734	 312.412201	 87.053757	 388.893799	 332.473145	 73.856239
753.434692	 398.551086	 -0.261573	 726.319885	 408.785675	 -6.434101	 387.799103	 352.576416	 85.955482	 389.962585	 312.413483	 87.049576	 388.885132	 332.475433	 73.853455
753.931458	 398.520569	 -1.405145	 726.514404	 408.728485	 -6.301877	 387.791595	 352.574188	 85.952690	 389.954437	 312.411804	 87.050789	 388.875549	 332.474060	 73.857445
754.202209	 398.614990	 -1.864295	 726.729614	 408.793762	 -6.067729	 387.787170	 352.575806	 85.954643	 389.948090	 312.414124	 87.052261	 388.868469	 332.475586	 73.857506
754.299194	 398.808319	 -1.810013	 727.044006	 408.908051	 -5.816098	 387.792725	 352.579315	 85.950356	 389.951569	 312.417480	 87.051712	 388.869568	 332.477814	 73.860107
754.358093	 399.063110	 -1.914595	 727.357666	 409.105896	 -5.584844	 387.798401	 352.579468	 85.950142	 389.956909	 312.416504	 87.054283	 388.878296	 332.477814	 73.856636
754.397095	 399.271057	 -1.976708	 727.665588	 409.320190	 -5.378051	 387.802338	 352.580872	 85.957932	 389.964203	 312.417938	 87.054916	 388.888855	 332.480682	 73.854736
754.393860	 399.445923	 -1.993952	 727.954590	 409.527161	 -5.208798	 387.811859	 352.579834	 85.954033	 389.974915	 312.417328	 87.050049	 388.898346	 332.482727	 73.852371
754.392944	 399.575256	 -2.010412	 728.237610	 409.695831	 -5.051740	 387.822662	 352.579712	 85.946877	 389.982849	 312.416718	 87.047890	 388.903259	 332.479889	 73.850235
754.392578	 399.696533	 -2.035260	 728.505737	 409.802246	 -4.892864	 387.826691	 352.581421	 85.946297	 389.984528	 312.418671	 87.053856	 388.906616	 332.480255	 73.848824
754.386047	 399.828705	 -2.056129	 728.749329	 409.863525	 -4.737984	 387.828796	 352.581238	 85.945068	 389.985199	 312.417114	 87.051300	 388.906281	 332.479187	 73.854698
754.400024	 399.924408	 -2.089167	 728.960388	 409.945984	 -4.614984	 387.828217	 352.580933	 85.947212	 389.983826	 312.414917	 87.049759	 388.906067	 332.475586	 73.852478
754.410217	 399.988007	 -2.105561	 729.160034	 410.063019	 -4.512208	 387.823578	 352.578857	 85.949059	 389.980072	 312.415405	 87.051308	 388.902557	 332.475891	 73.853210
754.416016	 400.071686	 -2.114846	 729.360840	 410.195160	 -4.422265	 387.822357	 352.576447	 85.943832	 389.977234	 312.411835	 87.048477	 388.902740	 332.474152	 73.853249
754.421021	 400.159058	 -2.109321	 729.565308	 410.359863	 -4.356636	 387.812653	 352.576813	 85.945808	 389.972473	 312.410034	 87.047691	 388.894745	 332.472687	 73.852203
754.447083	 400.244507	 -2.114476	 729.781982	 410.531189	 -4.287014	 387.803864	 352.577606	 85.946243	 389.965271	 312.411255	 87.046432	 388.884125	 332.473328	 73.853012
754.485718	 400.324402	 -2.114312	 729.990051	 410.696259	 -4.213459	 387.800140	 352.575226	 85.941368	 389.959290	 312.410706	 87.040916	 388.882599	 332.472656	 73.846924
754.512390	 400.414612	 -2.086790	 730.180603	 410.890106	 -4.153370	 387.793213	 352.575562	 85.942513	 389.951813	 312.412262	 87.043205	 388.879272	 332.474091	 73.842438
754.537354	 400.522095	 -2.065388	 730.357788	 411.106903	 -4.120777	 387.792999	 352.575714	 85.940269	 389.952393	 312.413269	 87.043640	 388.876495	 332.476074	 73.845200
754.552429	 400.632782	 -2.044347	 730.503906	 411.318665	 -4.092426	 387.795929	 352.575623	 85.939316	 389.956848	 312.411774	 87.038582	 388.877960	 332.474274	 73.848045
754.561279	 400.741882	 -2.027067	 730.636108	 411.506165	 -4.065021	 387.801514	 352.578735	 85.940117	 389.959686	 312.414917	 87.039017	 388.881531	 332.476318	 73.846573
754.560791	 400.842682	 -2.016516	 730.763916	 411.658722	 -4.056571	 387.809998	 352.577637	 85.940285	 389.969116	 312.416138	 87.042206	 388.890961	 332.478760	 73.843445
754.524719	 400.922455	 -2.011198	 730.859375	 411.783234	 -4.058734	 387.814606	 352.578522	 85.938789	 389.973450	 312.416321	 87.044716	 388.897156	 332.478577	 73.841232
754.453125	 400.984100	 -2.021401	 730.917908	 411.885620	 -4.068822	 387.814026	 352.581818	 85.938416	 389.971680	 312.418274	 87.041725	 388.897736	 332.480743	 73.838860
754.350159	 401.018768	 -2.047059	 730.943970	 411.960693	 -4.088678	 387.810394	 352.583313	 85.940521	 389.966125	 312.419342	 87.039345	 388.892517	 332.484009	 73.836075
754.194214	 401.037140	 -2.082481	 730.929565	 412.022003	 -4.118048	 387.785004	 352.598969	 85.938263	 389.916931	 312.433685	 87.045494	 388.857941	 332.497711	 73.835197
753.980774	 401.053070	 -2.126897	 730.881226	 412.095215	 -4.163579	 387.722473	 352.631744	 85.941582	 389.799835	 312.463470	 87.054886	 388.770691	 332.528107	 73.835213
753.715698	 401.055847	 -2.170519	 730.790344	 412.185333	 -4.230697	 387.632019	 352.683777	 85.947159	 389.638489	 312.509613	 87.061035	 388.641907	 332.572815	 73.839622
753.399475	 401.038147	 -2.213413	 730.664185	 412.272888	 -4.323071	 387.521484	 352.758698	 85.946411	 389.441406	 312.577271	 87.054382	 388.482361	 332.641327	 73.844322
753.041443	 400.997559	 -2.264836	 730.519287	 412.337952	 -4.440516	 387.388550	 352.851532	 85.950165	 389.196411	 312.665161	 87.053711	 388.291260	 332.731537	 73.854691
752.638794	 400.935242	 -2.294255	 730.355652	 412.392487	 -4.568975	 387.212250	 352.969971	 85.951889	 388.868347	 312.778259	 87.067719	 388.043121	 332.848541	 73.855865
752.216614	 400.858307	 -2.329589	 730.189026	 412.448700	 -4.711108	 386.977844	 353.116241	 85.952469	 388.438446	 312.916260	 87.071068	 387.716553	 332.990814	 73.851036
751.807495	 400.771545	 -2.379653	 730.014160	 412.507202	 -4.848945	 386.707336	 353.250763	 85.948586	 387.933685	 313.040375	 87.070267	 387.326904	 333.117981	 73.857941
751.411682	 400.681610	 -2.414672	 729.844116	 412.572510	 -4.972406	 386.421295	 353.331055	 85.949028	 387.407623	 313.115936	 87.078537	 386.924377	 333.197571	 73.856934
751.041626	 400.591095	 -2.450146	 729.686829	 412.638458	 -5.093927	 386.158112	 353.362000	 85.967491	 386.926697	 313.145355	 87.091248	 386.552673	 333.228058	 73.876274
750.699829	 400.477692	 -2.504788	 729.564636	 412.686554	 -5.198631	 385.946747	 353.364136	 85.979881	 386.526123	 313.143158	 87.090034	 386.244293	 333.223816	 73.885216
750.386963	 400.356293	 -2.567707	 729.446167	 412.721802	 -5.297461	 385.779327	 353.336395	 85.979782	 386.196899	 313.112518	 87.087837	 385.990967	 333.190308	 73.887512
750.119934	 400.259857	 -2.599256	 729.334473	 412.732819	 -5.359395	 385.651184	 353.258942	 85.989342	 385.938141	 313.035553	 87.096794	 385.798950	 333.114960	 73.898651
749.888489	 400.146667	 -2.651405	 729.249084	 412.728607	 -5.383971	 385.554138	 353.137329	 85.998192	 385.726532	 312.911621	 87.111839	 385.649719	 332.994690	 73.895119
749.691650	 400.062714	 -2.697189	 729.171448	 412.726837	 -5.398197	 385.487122	 352.994751	 85.987198	 385.550110	 312.765228	 87.115631	 385.524506	 332.851105	 73.895035
749.530518	 400.003174	 -2.723115	 729.097656	 412.726318	 -5.403955	 385.445557	 352.849762	 85.977837	 385.412445	 312.619019	 87.116440	 385.429810	 332.705536	 73.905159
749.396790	 399.949554	 -2.748317	 729.039001	 412.735260	 -5.406165	 385.411774	 352.737976	 85.985992	 385.311920	 312.505859	 87.124527	 385.361206	 332.591095	 73.918793
749.296997	 399.911163	 -2.782875	 729.004456	 412.750153	 -5.408112	 385.387085	 352.682159	 85.989433	 385.247345	 312.450134	 87.127129	 385.316681	 332.536774	 73.919800
749.220032	 399.875488	 -2.808009	 728.981995	 412.769684	 -5.409200	 385.363464	 352.667725	 85.991310	 385.197174	 312.437042	 87.127945	 385.281860	 332.525055	 73.916550
749.160278	 399.849854	 -2.823938	 728.969482	 412.795166	 -5.401768	 385.334167	 352.671082	 85.996391	 385.144104	 312.442871	 87.125832	 385.238647	 332.529480	 73.918541
749.122559	 399.836884	 -2.840456	 728.969788	 412.814453	 -5.390683	 385.311188	 352.676971	 85.994949	 385.095825	 312.446838	 87.125237	 385.197906	 332.534698	 73.923195
749.098389	 399.826721	 -2.850860	 728.982971	 412.837036	 -5.384627	 385.302032	 352.679230	 85.996048	 385.070648	 312.448822	 87.130814	 385.181793	 332.536682	 73.922813
749.081360	 399.828613	 -2.855106	 728.998474	 412.870270	 -5.376095	 385.310333	 352.681824	 85.996880	 385.076019	 312.451904	 87.133736	 385.190216	 332.539948	 73.920670
749.066528	 399.836609	 -2.857151	 729.013306	 412.907043	 -5.363831	 385.316986	 352.682709	 85.995979	 385.086761	 312.453918	 87.128738	 385.195801	 332.540009	 73.927704
749.054504	 399.842041	 -2.864283	 729.031677	 412.948212	 -5.354942	 385.325348	 352.686676	 85.994240	 385.096558	 312.459045	 87.124886	 385.204132	 332.544098	 73.921165
749.038879	 399.842712	 -2.876648	 729.050415	 412.985168	 -5.351659	 385.344879	 352.696472	 85.994400	 385.111237	 312.466217	 87.128647	 385.223633	 332.552460	 73.922028
749.018372	 399.829468	 -2.884521	 729.065369	 413.007385	 -5.346726	 385.361603	 352.700134	 85.997086	 385.127075	 312.471771	 87.131012	 385.238617	 332.556946	 73.927315
748.996948	 399.811951	 -2.893837	 729.077026	 413.024078	 -5.342949	 385.377258	 352.705627	 86.000549	 385.142456	 312.477386	 87.131966	 385.254364	 332.563995	 73.931686
748.971985	 399.799438	 -2.905045	 729.083435	 413.038239	 -5.343030	 385.395325	 352.712311	 86.004768	 385.155518	 312.484131	 87.133667	 385.270630	 332.571930	 73.930405
748.944275	 399.787659	 -2.910821	 729.081909	 413.054382	 -5.340250	 385.419067	 352.720703	 86.005196	 385.171997	 312.491455	 87.139702	 385.290131	 332.580200	 73.928543
748.911194	 399.780151	 -2.916472	 729.074585	 413.077454	 -5.341512	 385.446808	 352.741455	 86.006088	 385.189545	 312.510559	 87.140968	 385.312622	 332.599976	 73.933807
748.871399	 399.772125	 -2.916821	 729.062866	 413.098694	 -5.337564	 385.476532	 352.766754	 86.004036	 385.208710	 312.538391	 87.135147	 385.331940	 332.624939	 73.937172
748.829407	 399.759491	 -2.913885	 729.046204	 413.121735	 -5.337176	 385.500458	 352.798706	 86.000908	 385.218628	 312.570923	 87.138809	 385.350525	 332.655945	 73.932571
748.778503	 399.749969	 -2.909096	 729.025269	 413.148071	 -5.345541	 385.517975	 352.845795	 85.997253	 385.215881	 312.618225	 87.135971	 385.359070	 332.704315	 73.929008
748.720093	 399.736420	 -2.900456	 728.997864	 413.166351	 -5.344090	 385.540192	 352.901947	 85.990921	 385.216278	 312.676331	 87.132042	 385.370117	 332.763458	 73.925171
748.666626	 399.719757	 -2.903327	 728.976379	 413.178101	 -5.345867	 385.574280	 352.967102	 85.993164	 385.226990	 312.741699	 87.138390	 385.398254	 332.825470	 73.918800
748.628662	 399.706818	 -2.919075	 728.962891	 413.182007	 -5.339586	 385.615356	 353.035339	 86.000641	 385.244293	 312.811829	 87.137550	 385.429962	 332.891266	 73.915672
748.609375	 399.690460	 -2.932982	 728.960083	 413.180664	 -5.333488	 385.668396	 353.106110	 86.000717	 385.270142	 312.885040	 87.130630	 385.468384	 332.961700	 73.915291
748.604248	 399.677155	 -2.939726	 728.960144	 413.180573	 -5.331399	 385.735748	 353.199524	 86.000854	 385.301025	 312.977905	 87.130531	 385.518219	 333.053711	 73.913956
748.604553	 399.671478	 -2.941437	 728.964722	 413.175568	 -5.333706	 385.816528	 353.304871	 86.008339	 385.342346	 313.084015	 87.130775	 385.580017	 333.162079	 73.916145
748.614746	 399.668488	 -2.940309	 728.966553	 413.171967	 -5.337142	 385.912689	 353.418213	 86.007011	 385.392517	 313.194336	 87.126663	 385.652008	 333.275757	 73.919495
748.624451	 399.673096	 -2.944910	 728.964417	 413.172577	 -5.339969	 386.013916	 353.545929	 85.993782	 385.440918	 313.321228	 87.118141	 385.724915	 333.404449	 73.917557
748.632141	 399.675964	 -2.941803	 728.966553	 413.171631	 -5.337704	 386.112183	 353.667694	 85.983894	 385.487701	 313.447235	 87.111259	 385.794830	 333.527649	 73.916176
748.637878	 399.679443	 -2.936748	 728.968567	 413.177643	 -5.333196	 386.199890	 353.783142	 85.980576	 385.525818	 313.563660	 87.114120	 385.852356	 333.639526	 73.917206
748.639954	 399.692230	 -2.932649	 728.972229	 413.189941	 -5.332355	 386.277222	 353.894714	 85.982872	 385.559937	 313.678680	 87.118324	 385.909210	 333.751770	 73.915894
748.640808	 399.697937	 -2.925940	 728.978210	 413.199585	 -5.332194	 386.356201	 354.000580	 85.986481	 385.600555	 313.785645	 87.121521	 385.974213	 333.858734	 73.914391
748.645203	 399.700897	 -2.931618	 728.983032	 413.212341	 -5.331072	 386.443848	 354.121368	 85.988838	 385.649445	 313.905914	 87.123192	 386.046509	 333.979431	 73.914268
748.645386	 399.700500	 -2.935205	 728.985657	 413.217010	 -5.327626	 386.555664	 354.255249	 85.992310	 385.716888	 314.040527	 87.120003	 386.135254	 334.115692	 73.907104
748.650330	 399.693085	 -2.938640	 728.986633	 413.219360	 -5.332747	 386.682770	 354.411865	 85.991699	 385.796997	 314.193268	 87.108376	 386.231903	 334.267303	 73.905396
748.653992	 399.689667	 -2.943299	 728.987793	 413.223816	 -5.338128	 386.809692	 354.599365	 85.977440	 385.862427	 314.381744	 87.101692	 386.320862	 334.452881	 73.911934
748.658508	 399.689056	 -2.947315	 728.987549	 413.224792	 -5.333434	 386.930847	 354.786255	 85.971588	 385.916962	 314.574860	 87.108139	 386.414673	 334.647461	 73.907089
748.667725	 399.689301	 -2.952812	 728.986389	 413.230499	 -5.336318	 387.026794	 354.955078	 85.963364	 385.958557	 314.746063	 87.105217	 386.490723	 334.817169	 73.891571
748.670044	 399.693420	 -2.952603	 728.984863	 413.236115	 -5.339155	 387.072845	 355.085480	 85.948738	 385.973938	 314.876312	 87.083008	 386.518860	 334.945099	 73.883957
748.670166	 399.698181	 -2.944873	 728.989258	 413.238739	 -5.340835	 387.074371	 355.152802	 85.946114	 385.963074	 314.943817	 87.069908	 386.515747	 335.012177	 73.876106
748.677307	 399.707855	 -2.944267	 728.992615	 413.246857	 -5.343954	 387.068817	 355.182343	 85.944839	 385.946289	 314.971252	 87.075012	 386.507843	 335.040009	 73.868210
748.679688	 399.712677	 -2.948480	 728.994019	 413.251984	 -5.344964	 387.068787	 355.200775	 85.946388	 385.942993	 314.991333	 87.071556	 386.502197	 335.058472	 73.872429
748.673096	 399.707581	 -2.946697	 728.989502	 413.250061	 -5.345590	 387.068024	 355.217987	 85.952850	 385.941132	 315.007233	 87.071899	 386.499573	 335.073975	 73.878258
748.664185	 399.702972	 -2.947771	 728.982483	 413.250153	 -5.349268	 387.066589	 355.238098	 85.953102	 385.934143	 315.025391	 87.077888	 386.498505	 335.092957	 73.876678
748.654724	 399.702576	 -2.948468	 728.978638	 413.249664	 -5.356444	 387.066650	 355.251862	 85.945709	 385.929626	 315.040436	 87.080193	 386.496338	 335.109680	 73.873993
748.644104	 399.702209	 -2.949197	 728.966492	 413.251587	 -5.356513	 387.064240	 355.260193	 85.953186	 385.929413	 315.049133	 87.080193	 386.491425	 335.116089	 73.881340
748.630188	 399.702515	 -2.945264	 728.956421	 413.255554	 -5.351888	 387.057434	 355.264435	 85.956383	 385.922516	 315.054291	 87.078812	 386.485687	 335.120941	 73.887085
748.625916	 399.704407	 -2.942593	 728.956787	 413.255676	 -5.349633	 387.052612	 355.263855	 85.954613	 385.913422	 315.052612	 87.083275	 386.480682	 335.122192	 73.884155
748.627441	 399.704254	 -2.940864	 728.957153	 413.258606	 -5.344002	 387.047607	 355.263275	 85.955399	 385.907745	 315.051300	 87.088211	 386.477783	 335.119812	 73.875847
748.630920	 399.708801	 -2.943011	 728.958984	 413.264160	 -5.337456	 387.042633	 355.264526	 85.951500	 385.902527	 315.052002	 87.087494	 386.472839	 335.119171	 73.877876
748.633057	 399.708252	 -2.942662	 728.962036	 413.266388	 -5.337393	 387.038177	 355.262146	 85.957191	 385.901764	 315.050903	 87.082794	 386.472778	 335.118652	 73.882614
748.634460	 399.703339	 -2.941582	 728.963684	 413.269348	 -5.340076	 387.036591	 355.262085	 85.955040	 385.899139	 315.052338	 87.082947	 386.469208	 335.118683	 73.879250
748.636353	 399.702179	 -2.941071	 728.959351	 413.268646	 -5.331450	 387.035889	 355.262268	 85.951637	 385.897308	 315.051636	 87.084938	 386.466522	 335.118958	 73.878853
748.639893	 399.696228	 -2.946527	 728.961426	 413.270111	 -5.330437	 387.035339	 355.259644	 85.959114	 385.899445	 315.048615	 87.086044	 386.470886	 335.116302	 73.873611
748.644287	 399.693817	 -2.947978	 728.967957	 413.276367	 -5.337239	 387.038818	 355.261078	 85.959656	 385.903229	 315.050232	 87.080940	 386.472443	 335.117157	 73.880432
748.641846	 399.694244	 -2.938843	 728.973694	 413.282684	 -5.338576	 387.046143	 355.262482	 85.954048	 385.908997	 315.051880	 87.079979	 386.477539	 335.120758	 73.879288
748.643616	 399.695709	 -2.931040	 728.971741	 413.292511	 -5.330904	 387.049042	 355.264282	 85.952400	 385.909363	 315.054382	 87.085266	 386.480316	 335.122894	 73.877594
748.644897	 399.704010	 -2.932319	 728.969055	 413.306610	 -5.331753	 387.042328	 355.272552	 85.954582	 385.901642	 315.061310	 87.089180	 386.472870	 335.127533	 73.883286
748.642151	 399.708923	 -2.929078	 728.972778	 413.314453	 -5.338008	 387.029236	 355.291870	 85.958633	 385.883667	 315.078888	 87.099792	 386.456970	 335.145416	 73.889839
748.639526	 399.707428	 -2.933680	 728.967529	 413.322235	 -5.343410	 386.991028	 355.342163	 85.962593	 385.840240	 315.129639	 87.105995	 386.416901	 335.195251	 73.896431
748.634827	 399.706085	 -2.933329	 728.954773	 413.329285	 -5.351540	 386.932617	 355.435547	 85.962502	 385.767273	 315.227203	 87.106163	 386.355255	 335.294312	 73.890465
748.633240	 399.697754	 -2.930539	 728.946167	 413.331177	 -5.352980	 386.850433	 355.576477	 85.952698	 385.667603	 315.370544	 87.092781	 386.267456	 335.438049	 73.879959
748.643921	 399.689850	 -2.942377	 728.943420	 413.336609	 -5.358286	 386.767761	 355.755615	 85.953041	 385.550720	 315.545319	 87.090530	 386.162842	 335.611359	 73.881317
748.646729	 399.681763	 -2.935625	 728.939941	 413.337158	 -5.360234	 386.665741	 355.880249	 85.950546	 385.411072	 315.670898	 87.096573	 386.049255	 335.737732	 73.886078
748.650513	 399.669800	 -2.936136	 728.934631	 413.337250	 -5.365410	 386.608704	 355.902191	 85.944023	 385.343414	 315.694550	 87.088303	 385.983276	 335.760345	 73.882965
748.650757	 399.660339	 -2.941598	 728.927002	 413.339661	 -5.372810	 386.637360	 355.893066	 85.957855	 385.375854	 315.683502	 87.101616	 386.012634	 335.748749	 73.889175
748.650879	 399.653809	 -2.948529	 728.925598	 413.338409	 -5.381203	 386.646881	 355.889587	 85.962799	 385.384705	 315.681000	 87.106628	 386.023529	 335.745667	 73.889267
748.652893	 399.644836	 -2.954537	 728.921692	 413.340332	 -5.383981	 386.647980	 355.889221	 85.957115	 385.382446	 315.679932	 87.105972	 386.021423	 335.744781	 73.891068
748.647095	 399.643188	 -2.952627	 728.917908	 413.342926	 -5.379436	 386.650299	 355.892426	 85.959610	 385.385620	 315.683502	 87.108604	 386.023712	 335.747803	 73.892349
748.643555	 399.641235	 -2.949540	 728.920410	 413.341705	 -5.378330	 386.647491	 355.891388	 85.963150	 385.385101	 315.683502	 87.105087	 386.018433	 335.746918	 73.895523
748.640869	 399.640869	 -2.945362	 728.919495	 413.344238	 -5.379426	 386.644379	 355.892365	 85.965660	 385.383423	 315.684357	 87.108353	 386.016937	 335.746796	 73.903732
748.639709	 399.645081	 -2.944303	 728.914917	 413.342407	 -5.377065	 386.635681	 355.892456	 85.968567	 385.374878	 315.685730	 87.109665	 386.009216	 335.748138	 73.905373
748.642700	 399.644989	 -2.943718	 728.913025	 413.338104	 -5.374782	 386.631866	 355.888245	 85.967453	 385.369202	 315.682281	 87.111580	 386.006378	 335.745667	 73.898842
748.647339	 399.647247	 -2.948776	 728.908142	 413.339935	 -5.377170	 386.624939	 355.888916	 85.965698	 385.362183	 315.681641	 87.114105	 386.000519	 335.746796	 73.897552
748.647705	 399.648102	 -2.945549	 728.900513	 413.338409	 -5.372755	 386.620056	 355.888763	 85.967293	 385.356964	 315.681641	 87.112717	 385.994812	 335.746796	 73.896011
748.649963	 399.647247	 -2.949941	 728.894653	 413.338928	 -5.369266	 386.616119	 355.889740	 85.964493	 385.352936	 315.681854	 87.109879	 385.991516	 335.745575	 73.896553
748.647522	 399.652527	 -2.951278	 728.890564	 413.341156	 -5.368629	 386.611389	 355.891907	 85.964409	 385.345703	 315.683960	 87.110611	 385.981842	 335.747498	 73.902267
748.646362	 399.653564	 -2.944051	 728.892456	 413.341888	 -5.369190	 386.610046	 355.889465	 85.970001	 385.346130	 315.683105	 87.114868	 385.981354	 335.745941	 73.907822
748.646118	 399.652649	 -2.941253	 728.892578	 413.345734	 -5.369514	 386.609406	 355.890350	 85.972305	 385.348480	 315.683044	 87.117256	 385.983978	 335.747406	 73.908424
748.648132	 399.656982	 -2.943802	 728.895142	 413.347839	 -5.372490	 386.615906	 355.892548	 85.969093	 385.350555	 315.684814	 87.118431	 385.988220	 335.750244	 73.904282
748.653076	 399.657013	 -2.943033	 728.901306	 413.346680	 -5.376649	 386.620453	 355.891144	 85.967392	 385.355011	 315.683380	 87.116905	 385.994232	 335.748383	 73.902466
748.656616	 399.659302	 -2.942536	 728.904236	 413.348877	 -5.376348	 386.619446	 355.891815	 85.970718	 385.356476	 315.684509	 87.116631	 385.994385	 335.747101	 73.904816
748.661011	 399.660370	 -2.943949	 728.909485	 413.348328	 -5.377475	 386.624542	 355.891602	 85.968735	 385.356079	 315.682953	 87.123039	 385.994385	 335.747772	 73.908585
748.665771	 399.655548	 -2.942750	 728.911804	 413.346710	 -5.373664	 386.623383	 355.888153	 85.972603	 385.358643	 315.680298	 87.123413	 385.997131	 335.745270	 73.906624
748.670532	 399.655090	 -2.942345	 728.913086	 413.346802	 -5.374147	 386.619965	 355.888062	 85.976212	 385.357605	 315.681122	 87.123322	 385.995697	 335.746613	 73.908119
748.679199	 399.654510	 -2.945206	 728.916016	 413.346466	 -5.372762	 386.622345	 355.889282	 85.975204	 385.357117	 315.680359	 87.127182	 385.992310	 335.746399	 73.912262
748.689819	 399.655365	 -2.947523	 728.918091	 413.349609	 -5.366750	 386.621460	 355.890594	 85.977303	 385.359375	 315.681641	 87.123459	 385.994049	 335.743958	 73.910324
748.691711	 399.660950	 -2.943097	 728.921204	 413.356812	 -5.364667	 386.625061	 355.894073	 85.974983	 385.361328	 315.684509	 87.122017	 385.998718	 335.749603	 73.905846
748.698608	 399.665039	 -2.943265	 728.924438	 413.363220	 -5.370080	 386.628845	 355.895233	 85.971603	 385.363647	 315.686890	 87.125618	 385.999481	 335.752106	 73.911240
748.705627	 399.668427	 -2.940987	 728.928650	 413.371246	 -5.373199	 386.628479	 355.898651	 85.972237	 385.366730	 315.690979	 87.126801	 386.002747	 335.753357	 73.910950
748.708557	 399.669739	 -2.935804	 728.930420	 413.372742	 -5.365742	 386.632019	 355.899261	 85.972069	 385.368805	 315.690674	 87.127831	 386.002167	 335.754089	 73.913689
748.708801	 399.662567	 -2.932471	 728.930176	 413.369385	 -5.362664	 386.634552	 355.896027	 85.972893	 385.370148	 315.688477	 87.127487	 386.004974	 335.751251	 73.914955
748.708008	 399.655334	 -2.932542	 728.928406	 413.370117	 -5.370584	 386.634735	 355.895966	 85.975060	 385.369598	 315.688110	 87.127800	 386.009155	 335.752045	 73.913582
748.707520	 399.650818	 -2.937870	 728.926636	 413.369965	 -5.367942	 386.638306	 355.894714	 85.975060	 385.374390	 315.687714	 87.125671	 386.009583	 335.751312	 73.913666
748.714294	 399.647919	 -2.946482	 728.931091	 413.369965	 -5.366792	 386.640442	 355.893799	 85.975555	 385.379852	 315.687958	 87.122879	 386.012878	 335.750488	 73.912231
748.715027	 399.650543	 -2.944375	 728.932190	 413.370087	 -5.365355	 386.640686	 355.895905	 85.977364	 385.378387	 315.687347	 87.124939	 386.012848	 335.752319	 73.913254
748.713440	 399.651917	 -2.939745	 728.931885	 413.368805	 -5.366601	 386.640686	 355.895691	 85.976814	 385.376526	 315.684875	 87.126022	 386.015289	 335.751953	 73.907127
748.712585	 399.653778	 -2.944888	 728.927734	 413.371185	 -5.366510	 386.636261	 355.896667	 85.979721	 385.374359	 315.686493	 87.125526	 386.014374	 335.751129	 73.907860
748.699036	 399.654907	 -2.938403	 728.920166	 413.372955	 -5.366930	 386.632599	 355.898529	 85.976814	 385.373291	 315.690338	 87.120483	 386.008209	 335.753723	 73.913483
748.693909	 399.654144	 -2.941638	 728.915955	 413.373657	 -5.370751	 386.632141	 355.898438	 85.972946	 385.367523	 315.689972	 87.123833	 386.003418	 335.752258	 73.909149
748.690125	 399.654785	 -2.949192	 728.908203	 413.377289	 -5.365813	 386.626526	 355.899628	 85.977219	 385.362244	 315.691620	 87.129692	 385.998016	 335.752258	 73.912384
748.680176	 399.654602	 -2.948337	 728.905273	 413.377777	 -5.366967	 386.621094	 355.896637	 85.980164	 385.359924	 315.691956	 87.129074	 385.994781	 335.753937	 73.915001
748.673706	 399.648499	 -2.944357	 728.907654	 413.378296	 -5.368515	 386.622070	 355.893524	 85.979919	 385.362030	 315.687958	 87.122528	 385.999268	 335.750916	 73.903793
748.677856	 399.649139	 -2.943273	 728.910706	 413.380035	 -5.362909	 386.622498	 355.896484	 85.979240	 385.363617	 315.688110	 87.122887	 386.001221	 335.752960	 73.905769
748.679993	 399.651917	 -2.942888	 728.918152	 413.376678	 -5.361735	 386.624237	 355.894531	 85.976898	 385.366852	 315.687439	 87.122131	 385.998413	 335.752167	 73.914558
748.682678	 399.652252	 -2.945751	 728.921631	 413.376129	 -5.360094	 386.623779	 355.893890	 85.978340	 385.367340	 315.687378	 87.120514	 385.998444	 335.749481	 73.915024
748.680115	 399.654785	 -2.945158	 728.922485	 413.376953	 -5.357627	 386.621643	 355.897247	 85.982307	 385.364563	 315.692535	 87.121361	 385.999390	 335.753174	 73.914841
748.680359	 399.653961	 -2.943338	 728.925720	 413.374908	 -5.359802	 386.626465	 355.895996	 85.979523	 385.367462	 315.691559	 87.122765	 386.000885	 335.754761	 73.915604
748.679443	 399.652313	 -2.940281	 728.924316	 413.376434	 -5.359982	 386.628082	 355.898010	 85.982590	 385.367462	 315.690369	 87.127571	 386.001953	 335.754333	 73.913727
748.679626	 399.653198	 -2.941332	 728.926147	 413.376190	 -5.357482	 386.628662	 355.899261	 85.985649	 385.367371	 315.691833	 87.125877	 386.003204	 335.754944	 73.912224
748.680542	 399.649597	 -2.936283	 728.926819	 413.373993	 -5.350240	 386.631104	 355.896057	 85.981644	 385.370361	 315.688721	 87.120239	 386.007446	 335.754028	 73.909256
748.683228	 399.651276	 -2.937619	 728.925110	 413.374481	 -5.343234	 386.628693	 355.896454	 85.980957	 385.368713	 315.687958	 87.121101	 386.005524	 335.753204	 73.911575
