749.925964	 399.763794	 -1.579944	 729.814331	 413.613403	 -4.511787	 378.358063	 365.706665	 85.991699	 378.854645	 325.481110	 87.053635	 378.600708	 345.580658	 73.875397
749.921448	 399.731567	 -1.600711	 729.805115	 413.571533	 -4.512070	 378.368774	 365.708130	 85.987846	 378.860962	 325.483002	 87.055443	 378.606293	 345.582245	 73.879890
749.914063	 399.689148	 -1.624760	 729.790710	 413.526917	 -4.529615	 378.378784	 365.707672	 85.985634	 378.870300	 325.482330	 87.054420	 378.617096	 345.581543	 73.879929
749.897827	 399.645020	 -1.665129	 729.764832	 413.481934	 -4.552799	 378.386871	 365.710083	 85.985718	 378.878967	 325.485474	 87.054962	 378.624725	 345.584381	 73.876877
749.874207	 399.585602	 -1.708043	 729.725525	 413.420166	 -4.575617	 378.397644	 365.710785	 85.980721	 378.885956	 325.485779	 87.060661	 378.632111	 345.586548	 73.878616
749.849060	 399.505890	 -1.758131	 729.668213	 413.347229	 -4.613780	 378.400665	 365.713745	 85.978462	 378.889252	 325.487854	 87.061546	 378.635803	 345.585205	 73.881813
749.816284	 399.421814	 -1.812354	 729.594299	 413.265747	 -4.658868	 378.397552	 365.714264	 85.985519	 378.890930	 325.491211	 87.058357	 378.636658	 345.586884	 73.881531
749.771423	 399.330719	 -1.850992	 729.511719	 413.176514	 -4.709834	 378.398651	 365.712189	 85.982933	 378.890808	 325.487427	 87.058182	 378.636780	 345.586426	 73.877670
749.710815	 399.226288	 -1.888850	 729.423340	 413.088898	 -4.773232	 378.393616	 365.711975	 85.982735	 378.884613	 325.486542	 87.059837	 378.631561	 345.586792	 73.878159
749.623901	 399.094971	 -1.931372	 729.323364	 412.988159	 -4.841575	 378.387024	 365.711548	 85.987335	 378.877869	 325.486328	 87.063843	 378.627533	 345.587097	 73.876083
749.503967	 398.909149	 -1.969440	 729.201233	 412.870758	 -4.927090	 378.385284	 365.710144	 85.982727	 378.875305	 325.483856	 87.062363	 378.627594	 345.585144	 73.869080
749.358337	 398.664124	 -2.027318	 729.045898	 412.725922	 -5.034508	 378.384186	 365.712341	 85.982635	 378.872620	 325.485657	 87.060310	 378.624542	 345.586761	 73.871284
749.178345	 398.372559	 -2.057259	 728.869324	 412.557922	 -5.127437	 378.382629	 365.711273	 85.987640	 378.869537	 325.485596	 87.069092	 378.619751	 345.587494	 73.880592
749.034302	 397.916443	 -1.858525	 728.763428	 412.206238	 -5.185151	 378.378387	 365.709381	 85.985924	 378.868744	 325.484161	 87.064171	 378.615082	 345.585236	 73.881813
749.008667	 397.130005	 -1.083263	 728.772339	 411.362122	 -4.910570	 378.373962	 365.710938	 85.985916	 378.864166	 325.485046	 87.061813	 378.612823	 345.586670	 73.874504
749.094482	 395.998169	 0.449972	 728.743225	 409.993988	 -3.763732	 378.372192	 365.710327	 85.984665	 378.861328	 325.484894	 87.065773	 378.613586	 345.587952	 73.872017
749.230408	 394.640320	 2.705785	 728.614929	 408.276031	 -1.736217	 378.374603	 365.711517	 85.982811	 378.863617	 325.484894	 87.063202	 378.614258	 345.586395	 73.873047
749.329529	 393.168060	 5.593390	 728.425110	 406.380157	 0.889856	 378.377594	 365.712830	 85.983818	 378.864258	 325.487671	 87.062874	 378.615417	 345.586456	 73.873184
749.364441	 391.596802	 9.009918	 728.154358	 404.369690	 3.941070	 378.375305	 365.709473	 85.987366	 378.864624	 325.486084	 87.063522	 378.616241	 345.585602	 73.872627
749.300415	 390.033569	 12.921415	 727.595886	 402.347717	 7.518378	 378.372406	 365.709229	 85.989082	 378.863983	 325.484100	 87.063858	 378.613159	 345.585327	 73.874626
749.099487	 388.515015	 17.305288	 726.656799	 400.329071	 11.718324	 378.372894	 365.710999	 85.985138	 378.862274	 325.485321	 87.061562	 378.607056	 345.584808	 73.880569
748.783691	 386.808289	 21.952902	 725.529785	 398.301971	 16.381214	 378.369202	 365.709625	 85.987396	 378.861084	 325.484497	 87.059044	 378.607605	 345.583282	 73.877258
748.349060	 384.899506	 26.753532	 724.204712	 396.321198	 21.480856	 378.364380	 365.710114	 85.990952	 378.859192	 325.486053	 87.055923	 378.606079	 345.585266	 73.877609
747.690735	 382.977173	 31.893042	 722.588135	 394.355927	 27.053438	 378.363708	 365.707794	 85.991173	 378.856354	 325.486206	 87.057938	 378.603394	 345.585266	 73.878845
746.786072	 381.046021	 37.304222	 720.721619	 392.377594	 32.977814	 378.363861	 365.706757	 85.992012	 378.855621	 325.484283	 87.061607	 378.603729	 345.581055	 73.876457
745.645508	 379.017914	 42.856934	 718.634949	 390.399811	 39.096878	 378.366119	 365.709076	 85.986465	 378.857300	 325.485748	 87.061821	 378.605652	 345.583405	 73.874092
744.284973	 376.863617	 48.459206	 716.337341	 388.396759	 45.259586	 378.365662	 365.707764	 85.988846	 378.857422	 325.484131	 87.061928	 378.608856	 345.584869	 73.873184
742.704895	 374.585205	 54.062752	 713.800049	 386.322571	 51.417065	 378.366730	 365.708710	 85.991776	 378.859344	 325.484528	 87.062027	 378.611481	 345.585815	 73.872330
740.897217	 372.180847	 59.632221	 710.940918	 384.223145	 57.634560	 378.371704	 365.708923	 85.991524	 378.862854	 325.487732	 87.061935	 378.611084	 345.585541	 73.876930
738.849182	 369.667664	 65.143646	 707.694824	 382.226746	 63.920204	 378.377808	 365.706940	 85.993111	 378.868652	 325.484100	 87.058952	 378.617859	 345.582550	 73.880478
736.538391	 367.091461	 70.621536	 704.086670	 380.383148	 70.195564	 378.383514	 365.708649	 85.988617	 378.874268	 325.484528	 87.058464	 378.623932	 345.583923	 73.877182
733.967712	 364.482910	 76.083450	 700.167297	 378.635834	 76.407715	 378.386993	 365.708435	 85.990799	 378.876099	 325.485870	 87.063385	 378.623260	 345.583038	 73.879219
731.129211	 361.855347	 81.581139	 695.959900	 376.967499	 82.527588	 378.391632	 365.708344	 85.987312	 378.879883	 325.483704	 87.062920	 378.626709	 345.580353	 73.880020
728.013062	 359.210999	 87.141556	 691.470520	 375.383575	 88.569778	 378.393555	 365.710144	 85.982140	 378.881775	 325.486694	 87.057701	 378.629944	 345.584045	 73.875862
724.653870	 356.553680	 92.702858	 686.636414	 373.902618	 94.627533	 378.392761	 365.707062	 85.984871	 378.882416	 325.485291	 87.057014	 378.628876	 345.583252	 73.875221
720.999634	 353.919708	 98.278351	 681.341370	 372.675903	 100.839279	 378.389252	 365.706268	 85.986244	 378.882050	 325.482971	 87.054329	 378.628693	 345.581360	 73.872856
716.977051	 351.353180	 103.857262	 675.594604	 371.827789	 107.145264	 378.385742	 365.707764	 85.985313	 378.878326	 325.484222	 87.051346	 378.623932	 345.581879	 73.874176
712.539978	 348.877655	 109.324791	 669.480347	 371.300201	 113.358856	 378.383698	 365.705231	 85.985527	 378.874512	 325.482117	 87.053947	 378.620453	 345.580048	 73.874733
707.610657	 346.533020	 114.577286	 663.065125	 370.944031	 119.280617	 378.376678	 365.705872	 85.986465	 378.868927	 325.482574	 87.057144	 378.615540	 345.580505	 73.877632
702.174377	 344.338409	 119.513283	 656.311035	 370.669983	 124.860947	 378.374451	 365.705811	 85.988152	 378.866302	 325.484131	 87.056824	 378.612701	 345.580811	 73.873962
696.285339	 342.216431	 124.096054	 649.139343	 370.574127	 130.152039	 378.373077	 365.704346	 85.982910	 378.866608	 325.481964	 87.054955	 378.612793	 345.580444	 73.872803
690.022339	 340.096710	 128.295990	 641.513184	 370.806458	 135.206192	 378.369110	 365.706390	 85.984993	 378.863007	 325.482727	 87.055931	 378.610138	 345.582550	 73.875229
683.423218	 337.951813	 132.146072	 633.502991	 371.366272	 139.958878	 378.370239	 365.704773	 85.994492	 378.861450	 325.482666	 87.059677	 378.611633	 345.580902	 73.882011
676.490784	 335.792999	 135.663071	 625.266418	 372.067871	 144.194153	 378.372681	 365.705444	 85.990051	 378.861877	 325.480927	 87.061798	 378.610565	 345.578552	 73.883774
669.205933	 333.653839	 138.803131	 616.879395	 372.698792	 147.733276	 378.371887	 365.708160	 85.987129	 378.861023	 325.482727	 87.060616	 378.609650	 345.581604	 73.878311
661.513367	 331.575867	 141.470688	 608.353882	 373.225403	 150.483109	 378.373108	 365.706451	 85.988564	 378.863068	 325.480957	 87.058861	 378.613617	 345.580627	 73.874924
653.379333	 329.566895	 143.535019	 599.682983	 373.775970	 152.501740	 378.373138	 365.706360	 85.987617	 378.865723	 325.482330	 87.063179	 378.614227	 345.578766	 73.879028
644.854614	 327.616791	 144.901825	 590.878479	 374.534485	 153.922760	 378.371948	 365.706024	 85.990974	 378.865601	 325.483887	 87.060722	 378.611847	 345.581085	 73.880989
636.022766	 325.702240	 145.603104	 582.011719	 375.598358	 154.858658	 378.371124	 365.704987	 85.994469	 378.865021	 325.480377	 87.054352	 378.611908	 345.581848	 73.876747
627.024231	 323.831970	 145.749573	 573.211670	 376.795502	 155.352875	 378.369202	 365.706726	 85.990746	 378.863007	 325.481964	 87.058266	 378.610229	 345.582123	 73.876877
617.970886	 322.087280	 145.590744	 564.562683	 377.763367	 155.424942	 378.369537	 365.705444	 85.988403	 378.861725	 325.481659	 87.061127	 378.607361	 345.581116	 73.882530
608.932678	 320.545349	 145.370285	 556.055420	 378.379547	 155.061722	 378.367706	 365.705353	 85.991814	 378.862457	 325.480835	 87.060219	 378.607391	 345.579071	 73.881645
599.981445	 319.088013	 145.094864	 547.655457	 378.875458	 154.189407	 378.369476	 365.708160	 85.991264	 378.862488	 325.483795	 87.063614	 378.610413	 345.581543	 73.875473
591.163757	 317.508240	 144.455032	 539.370178	 379.491119	 152.738800	 378.375122	 365.707489	 85.984360	 378.864410	 325.483093	 87.063057	 378.614655	 345.582886	 73.873314
582.495178	 315.710449	 143.146225	 531.252563	 380.254517	 150.743149	 378.376587	 365.708710	 85.984459	 378.866699	 325.480988	 87.064812	 378.614594	 345.583466	 73.876091
573.944153	 313.715698	 141.114212	 523.363281	 381.066589	 148.403061	 378.376282	 365.710297	 85.986679	 378.867706	 325.482330	 87.061790	 378.616302	 345.584473	 73.877304
565.472717	 311.644012	 138.425751	 515.763977	 381.854431	 145.971283	 378.378876	 365.708679	 85.985062	 378.870239	 325.481812	 87.055023	 378.616455	 345.582245	 73.878273
557.060791	 309.676270	 135.276794	 508.468079	 382.523804	 143.644882	 378.381287	 365.709473	 85.984879	 378.871979	 325.481232	 87.054749	 378.617584	 345.581573	 73.871384
548.735535	 307.926971	 131.914764	 501.413849	 382.977203	 141.477585	 378.383484	 365.709717	 85.977486	 378.872711	 325.482391	 87.057449	 378.622406	 345.583374	 73.867081
540.589905	 306.390930	 128.559021	 494.559113	 383.299011	 139.302429	 378.381683	 365.706940	 85.977936	 378.871552	 325.481537	 87.060127	 378.623749	 345.581787	 73.868294
532.744629	 305.002136	 125.350266	 487.899414	 383.646851	 136.844559	 378.379120	 365.708649	 85.981941	 378.868622	 325.482819	 87.058693	 378.621063	 345.582825	 73.871536
525.307983	 303.672974	 122.399178	 481.462585	 384.094025	 133.841385	 378.376038	 365.708160	 85.983192	 378.865601	 325.482452	 87.059776	 378.615204	 345.581940	 73.874634
518.292908	 302.359985	 119.739647	 475.337494	 384.715576	 130.225388	 378.371399	 365.705750	 85.986359	 378.859985	 325.480194	 87.062286	 378.606171	 345.580048	 73.880920
511.631561	 301.109283	 117.255577	 469.607635	 385.505096	 126.189140	 378.367401	 365.707825	 85.985481	 378.852570	 325.481110	 87.064934	 378.601135	 345.583099	 73.878815
505.258881	 299.952118	 114.748238	 464.282410	 386.294373	 122.070648	 378.361298	 365.705505	 85.987541	 378.848297	 325.479797	 87.066139	 378.597839	 345.580872	 73.874649
499.109253	 298.902435	 112.095772	 459.305908	 386.960571	 118.195663	 378.356812	 365.706329	 85.988342	 378.846191	 325.479248	 87.064140	 378.593262	 345.579956	 73.877419
493.171173	 297.979004	 109.272697	 454.631775	 387.501434	 114.719841	 378.355743	 365.708618	 85.987579	 378.842468	 325.481049	 87.065712	 378.589142	 345.582245	 73.879013
487.446594	 297.180054	 106.386520	 450.262878	 388.037201	 111.619362	 378.354767	 365.705872	 85.988548	 378.840027	 325.478821	 87.067162	 378.590637	 345.579468	 73.878006
481.942078	 296.545959	 103.542023	 446.216431	 388.693481	 108.739761	 378.351898	 365.703918	 85.993217	 378.840363	 325.479309	 87.062012	 378.588806	 345.579407	 73.876785
476.681854	 296.095367	 100.790543	 442.477936	 389.464417	 105.903618	 378.355286	 365.703400	 85.985329	 378.842743	 325.479248	 87.059998	 378.587280	 345.578766	 73.876854
471.680023	 295.821747	 98.183540	 439.001282	 390.317535	 103.045326	 378.359558	 365.703003	 85.979454	 378.844696	 325.476959	 87.064003	 378.593842	 345.576355	 73.876968
466.952972	 295.683929	 95.809944	 435.803009	 391.294037	 100.218025	 378.360138	 365.704834	 85.985985	 378.846436	 325.479095	 87.063881	 378.594574	 345.578308	 73.880280
462.483032	 295.665283	 93.705200	 432.927338	 392.400238	 97.502136	 378.362518	 365.704254	 85.989311	 378.851196	 325.477783	 87.060402	 378.597229	 345.578369	 73.880173
458.243652	 295.801849	 91.817261	 430.354218	 393.530304	 94.935165	 378.365936	 365.704102	 85.991570	 378.855530	 325.478210	 87.059105	 378.604370	 345.578064	 73.879272
454.241974	 296.041473	 90.082329	 428.007660	 394.561432	 92.573746	 378.366302	 365.704193	 85.994347	 378.857513	 325.481110	 87.058838	 378.607056	 345.581177	 73.876900
450.479065	 296.273010	 88.378761	 425.812561	 395.448761	 90.420692	 378.370087	 365.701874	 85.990921	 378.861572	 325.478821	 87.055801	 378.606689	 345.578522	 73.881706
446.948578	 296.445587	 86.571571	 423.735901	 396.209625	 88.375854	 378.374329	 365.702972	 85.985809	 378.864441	 325.480011	 87.053619	 378.612030	 345.578583	 73.874146
443.650787	 296.500061	 84.743637	 421.750214	 396.810211	 86.339264	 378.374939	 365.701843	 85.988647	 378.864136	 325.481201	 87.056404	 378.615295	 345.579254	 73.867989
440.584625	 296.417389	 83.088562	 419.809082	 397.197968	 84.267281	 378.371979	 365.699432	 85.992676	 378.863892	 325.477417	 87.057640	 378.611694	 345.574280	 73.875839
437.737793	 296.211090	 81.629921	 417.928192	 397.401855	 82.195038	 378.368713	 365.701447	 85.991844	 378.859680	 325.477692	 87.057961	 378.608368	 345.576324	 73.878410
435.080963	 295.937286	 80.284340	 416.185730	 397.483521	 80.118843	 378.372162	 365.701080	 85.984779	 378.859283	 325.477386	 87.058792	 378.609741	 345.577271	 73.879471
432.602600	 295.675964	 79.063637	 414.596924	 397.431213	 78.036453	 378.372162	 365.701080	 85.979218	 378.859131	 325.476593	 87.058022	 378.609314	 345.575287	 73.872269
430.295776	 295.436066	 78.014580	 413.134918	 397.207642	 76.018944	 378.369904	 365.702545	 85.983559	 378.859711	 325.479279	 87.052368	 378.608154	 345.578491	 73.871017
428.137878	 295.197754	 77.064644	 411.750214	 396.816589	 74.248466	 378.371002	 365.701202	 85.988754	 378.864258	 325.479126	 87.049377	 378.609772	 345.577667	 73.873764
426.117737	 294.945404	 76.106972	 410.369202	 396.237488	 72.820724	 378.368256	 365.703705	 85.986725	 378.858765	 325.479980	 87.057770	 378.606903	 345.576599	 73.872765
424.235657	 294.690704	 75.138100	 408.967987	 395.447937	 71.602081	 378.362854	 365.703156	 85.984573	 378.852631	 325.480011	 87.058434	 378.600555	 345.578094	 73.874603
422.470642	 294.516357	 74.167374	 407.602051	 394.471985	 70.390205	 378.360443	 365.700348	 85.983734	 378.852570	 325.477142	 87.055206	 378.596649	 345.574951	 73.874878
420.805725	 294.502899	 73.248352	 406.344513	 393.374847	 69.123360	 378.349152	 365.700470	 85.981430	 378.839020	 325.477386	 87.051865	 378.584076	 345.573547	 73.869934
419.251038	 294.735474	 72.513184	 405.494812	 392.454651	 67.912575	 378.316864	 365.697357	 85.981071	 378.809296	 325.473236	 87.047302	 378.559845	 345.571564	 73.867912
417.814209	 295.344238	 72.159988	 405.020660	 391.732483	 67.122711	 378.303802	 365.693359	 85.979897	 378.796600	 325.469452	 87.044106	 378.547455	 345.567993	 73.862724
416.516541	 296.247467	 72.154823	 404.589386	 390.887848	 66.672951	 378.302185	 365.693817	 85.977737	 378.792938	 325.469482	 87.043663	 378.542908	 345.566254	 73.860138
415.341858	 297.252075	 72.109039	 404.200165	 389.927277	 66.190491	 378.304077	 365.691925	 85.975426	 378.790955	 325.465607	 87.045547	 378.540131	 345.563934	 73.866875
414.264130	 298.309082	 71.958321	 403.880432	 388.969971	 65.635803	 378.311554	 365.686829	 85.981056	 378.804138	 325.462616	 87.040169	 378.549530	 345.560608	 73.868927
413.295410	 299.469421	 71.824966	 403.692719	 388.340240	 65.258484	 378.318634	 365.680664	 85.986877	 378.812561	 325.457672	 87.039528	 378.555298	 345.556976	 73.867943
411.538422	 302.740570	 71.538551	 403.989716	 388.092896	 65.057892	 378.361542	 365.661102	 85.992073	 378.842224	 325.433990	 87.063339	 378.592072	 345.535797	 73.875305
410.703156	 304.870392	 71.064468	 404.265961	 388.071533	 64.937981	 378.404083	 365.643097	 86.000580	 378.882965	 325.416870	 87.077148	 378.631775	 345.519928	 73.886864
409.933624	 306.703857	 70.607170	 404.396027	 387.991760	 64.769829	 378.429779	 365.633179	 86.004868	 378.908081	 325.407196	 87.077431	 378.652344	 345.509216	 73.888336
409.310913	 307.536224	 70.529625	 404.237366	 387.839417	 64.696289	 378.367584	 365.644257	 85.989357	 378.849304	 325.417053	 87.053734	 378.596527	 345.518311	 73.872375
408.798706	 307.763672	 70.630005	 404.028442	 387.679413	 64.780502	 378.280548	 365.657440	 85.961861	 378.760071	 325.430695	 87.031853	 378.519043	 345.530304	 73.848030
408.348236	 308.043945	 70.697830	 403.925415	 387.556824	 64.989494	 378.223083	 365.664734	 85.950043	 378.699036	 325.438568	 87.023201	 378.465881	 345.535187	 73.843452
407.949402	 308.311249	 70.792091	 403.842682	 387.459595	 65.233986	 378.105743	 365.666504	 85.947113	 378.564697	 325.441254	 87.013206	 378.353760	 345.536133	 73.834892
407.587341	 308.488770	 70.865219	 403.715485	 387.336243	 65.430328	 377.935486	 365.652863	 85.941017	 378.349091	 325.429688	 87.004448	 378.181946	 345.525238	 73.820908
407.258667	 308.609070	 70.978996	 403.515167	 387.183655	 65.597145	 377.752106	 365.633118	 85.933899	 378.099945	 325.409912	 87.008522	 377.984680	 345.503113	 73.813904
406.969818	 308.714630	 71.161415	 403.276001	 387.045197	 65.762688	 377.541443	 365.615112	 85.923370	 377.835327	 325.388763	 87.004211	 377.763428	 345.481018	 73.802841
406.730286	 308.825958	 71.368889	 403.053894	 386.955231	 65.908524	 377.314880	 365.600433	 85.905624	 377.591278	 325.372650	 86.983025	 377.550507	 345.464630	 73.797218
406.531281	 308.941925	 71.536110	 402.868164	 386.900757	 66.025642	 377.116547	 365.601868	 85.892975	 377.389008	 325.372498	 86.971466	 377.371521	 345.465027	 73.798065
406.362885	 309.040131	 71.637360	 402.716980	 386.852448	 66.146301	 376.969482	 365.608551	 85.885994	 377.235504	 325.378143	 86.973114	 377.234833	 345.474121	 73.795296
406.216553	 309.107605	 71.708138	 402.601074	 386.812317	 66.266785	 376.847351	 365.616638	 85.887459	 377.104706	 325.384003	 86.979126	 377.127869	 345.479187	 73.792831
406.090118	 309.168121	 71.774879	 402.510681	 386.784729	 66.396751	 376.736511	 365.638550	 85.905060	 376.978271	 325.405304	 86.999184	 377.031982	 345.498810	 73.803940
405.971344	 309.250183	 71.884239	 402.458405	 386.776733	 66.530159	 376.662506	 365.694183	 85.947227	 376.875427	 325.463928	 87.056534	 376.965881	 345.553070	 73.836716
405.859314	 309.372650	 72.087639	 402.457428	 386.817902	 66.676643	 376.637329	 365.830414	 86.032043	 376.796539	 325.604187	 87.176674	 376.925049	 345.674561	 73.945000
405.747467	 309.558044	 72.424500	 402.504120	 386.924377	 66.857979	 376.646759	 366.091980	 86.180786	 376.706543	 325.866852	 87.439949	 376.898987	 345.900452	 74.169182
405.620544	 309.796875	 72.933121	 402.575500	 387.091064	 67.122215	 376.667603	 366.462769	 86.425095	 376.593506	 326.244629	 87.868912	 376.878571	 346.223267	 74.501831
405.478180	 310.082336	 73.650909	 402.621063	 387.302887	 67.520927	 376.663177	 366.903503	 86.783165	 376.455231	 326.694672	 88.436012	 376.840118	 346.600922	 74.963158
405.323395	 310.402374	 74.615189	 402.621307	 387.534882	 68.083595	 376.593719	 367.362885	 87.311859	 376.278809	 327.167297	 89.185349	 376.764282	 346.988098	 75.609650
405.167023	 310.743134	 75.849007	 402.583527	 387.781555	 68.861160	 376.479401	 367.818756	 88.039680	 376.078064	 327.635742	 90.167763	 376.667664	 347.369995	 76.457733
404.996857	 311.093536	 77.363831	 402.514465	 388.031311	 69.912796	 376.352966	 368.274567	 89.014801	 375.869873	 328.105316	 91.415466	 376.554901	 347.748871	 77.571259
404.816956	 311.423431	 79.150352	 402.415405	 388.261536	 71.249054	 376.201569	 368.700165	 90.286659	 375.650848	 328.551178	 92.941238	 376.419495	 348.100067	 78.984230
404.628723	 311.690491	 81.182655	 402.269562	 388.448090	 72.902756	 376.019653	 369.054565	 91.873512	 375.417206	 328.920319	 94.759201	 376.261627	 348.387238	 80.686684
404.424225	 311.866119	 83.435333	 402.082916	 388.563599	 74.929543	 375.810272	 369.285004	 93.829147	 375.178833	 329.163574	 96.861237	 376.079559	 348.575928	 82.717468
404.221802	 311.918091	 85.959442	 401.841675	 388.575592	 77.385384	 375.566589	 369.342316	 96.168610	 374.927094	 329.225708	 99.246216	 375.861328	 348.621216	 85.087433
404.017395	 311.845001	 88.750183	 401.552673	 388.482910	 80.287392	 375.302490	 369.218750	 98.924873	 374.681427	 329.096161	 101.947327	 375.619720	 348.513458	 87.814323
403.832489	 311.677582	 91.839523	 401.259277	 388.309021	 83.624466	 375.044983	 368.959076	 102.120453	 374.467743	 328.824982	 105.000862	 375.387177	 348.296326	 90.935638
403.681610	 311.442383	 95.255775	 400.984009	 388.084656	 87.373306	 374.836853	 368.622589	 105.754021	 374.308411	 328.475433	 108.434448	 375.182983	 348.017395	 94.463402
403.556763	 311.163971	 98.946678	 400.749969	 387.824402	 91.487289	 374.709595	 368.249115	 109.810226	 374.229218	 328.087341	 112.259171	 375.031036	 347.704346	 98.409195
403.473724	 310.841949	 102.960350	 400.547058	 387.522797	 95.915504	 374.647156	 367.836761	 114.239082	 374.207611	 327.656860	 116.472649	 374.920349	 347.354004	 102.739746
403.423462	 310.481628	 107.250923	 400.337067	 387.182068	 100.624161	 374.601563	 367.367188	 119.003250	 374.229492	 327.175720	 121.031883	 374.826965	 346.950348	 107.393639
403.396576	 310.099182	 111.819916	 400.121490	 386.815430	 105.574333	 374.576508	 366.867676	 124.052307	 374.292877	 326.666199	 125.897408	 374.743225	 346.507568	 112.347282
403.403046	 309.716034	 116.665634	 399.919647	 386.437683	 110.725540	 374.594269	 366.368103	 129.356308	 374.405365	 326.158295	 131.048874	 374.693115	 346.050262	 117.576263
403.439636	 309.331940	 121.759750	 399.740570	 386.052643	 116.051689	 374.642822	 365.874451	 134.893417	 374.564880	 325.660583	 136.465118	 374.678680	 345.590637	 123.036522
403.503845	 308.936798	 127.094284	 399.560944	 385.654938	 121.555321	 374.707825	 365.374969	 140.617523	 374.758026	 325.160461	 142.113815	 374.681030	 345.115967	 128.717087
403.602783	 308.526428	 132.628036	 399.370453	 385.240906	 127.215706	 374.776611	 364.854706	 146.498459	 374.973022	 324.639252	 147.952118	 374.699982	 344.611694	 134.576752
403.731567	 308.097809	 138.350510	 399.192261	 384.807526	 133.033295	 374.858215	 364.314545	 152.533508	 375.208313	 324.094727	 153.960846	 374.738403	 344.078918	 140.598343
403.902802	 307.647736	 144.242157	 399.062134	 384.347046	 139.011673	 374.985474	 363.759613	 158.726669	 375.488068	 323.536255	 160.134964	 374.820160	 343.527710	 146.794388
404.138885	 307.188324	 150.299118	 399.004883	 383.876526	 145.147598	 375.188782	 363.204742	 165.089615	 375.834778	 322.982422	 166.473938	 374.974335	 342.976013	 153.149017
404.441986	 306.732605	 156.543472	 399.039703	 383.414459	 151.446579	 375.486023	 362.670807	 171.619705	 376.257599	 322.452728	 172.996384	 375.213348	 342.444366	 159.676376
404.816803	 306.285767	 162.957672	 399.168976	 382.960907	 157.894547	 375.879425	 362.158112	 178.311752	 376.767548	 321.944000	 179.686737	 375.539368	 341.933472	 166.374603
405.250885	 305.839355	 169.511139	 399.367828	 382.509674	 164.481888	 376.350769	 361.649200	 185.142380	 377.358093	 321.440643	 186.497787	 375.947601	 341.429688	 173.196548
405.745697	 305.383698	 176.135635	 399.623322	 382.047485	 171.189377	 376.883850	 361.121704	 192.087830	 378.009155	 320.917694	 193.405548	 376.412292	 340.909973	 180.126450
406.301514	 304.900085	 182.801682	 399.941895	 381.556091	 177.988098	 377.484985	 360.554718	 199.116165	 378.721252	 320.348694	 200.384872	 376.933655	 340.350281	 187.144638
406.918640	 304.395386	 189.501450	 400.324188	 381.046387	 184.861069	 378.163483	 359.965210	 206.200378	 379.503662	 319.751434	 207.415863	 377.528748	 339.770416	 194.214706
407.597076	 303.887207	 196.237732	 400.785431	 380.535370	 191.777405	 378.921021	 359.368744	 213.330566	 380.356628	 319.151276	 214.483276	 378.192963	 339.190033	 201.333023
408.348267	 303.374481	 202.970749	 401.325836	 380.022247	 198.707108	 379.753723	 358.766663	 220.478851	 381.289703	 318.553497	 221.543228	 378.934387	 338.608978	 208.463943
409.169281	 302.866180	 209.666000	 401.930298	 379.514648	 205.620453	 380.661926	 358.175232	 227.589035	 382.290588	 317.965546	 228.574265	 379.752075	 338.040283	 215.553558
410.034546	 302.360779	 216.332214	 402.609772	 379.011536	 212.477570	 381.640900	 357.591064	 234.636093	 383.348907	 317.382111	 235.550461	 380.634552	 337.477234	 222.584015
410.957458	 301.854004	 222.897812	 403.355347	 378.500977	 219.242157	 382.669891	 357.004578	 241.597580	 384.460999	 316.799316	 242.413010	 381.576813	 336.910370	 229.512939
411.908875	 301.335754	 229.346481	 404.125366	 377.975739	 225.892120	 383.714874	 356.408417	 248.416351	 385.587769	 316.205658	 249.133011	 382.546326	 336.334045	 236.294098
412.879700	 300.791595	 235.668457	 404.898193	 377.422607	 232.392578	 384.741272	 355.778198	 255.054352	 386.709473	 315.578674	 255.676331	 383.516876	 335.725464	 242.887711
413.882538	 300.225311	 241.804474	 405.674530	 376.844208	 238.719376	 385.751129	 355.112793	 261.482697	 387.827820	 314.916626	 262.024048	 384.491516	 335.081421	 249.289490
414.911591	 299.655853	 247.775681	 406.472382	 376.261292	 244.853561	 386.776550	 354.448761	 267.698029	 388.960052	 314.258148	 268.178070	 385.484436	 334.430267	 255.496307
415.996613	 299.115417	 253.563736	 407.323517	 375.700073	 250.773285	 387.840973	 353.826172	 273.699188	 390.128204	 313.642365	 274.144196	 386.524475	 333.814026	 261.496368
417.140076	 298.632324	 259.183502	 408.233124	 375.197845	 256.473694	 388.955658	 353.283234	 279.470978	 391.346710	 313.103271	 279.914337	 387.621674	 333.267395	 267.279327
418.357513	 298.228485	 264.646637	 409.217834	 374.767670	 261.938141	 390.140015	 352.831635	 285.020660	 392.640991	 312.658844	 285.486908	 388.790314	 332.802643	 272.849030
419.697845	 297.885040	 269.973969	 410.279846	 374.396271	 267.152161	 391.398529	 352.456177	 290.342712	 394.000214	 312.290894	 290.867279	 390.029846	 332.404755	 278.216919
421.108948	 297.574158	 275.057343	 411.386871	 374.049316	 272.117249	 392.709961	 352.112030	 295.411011	 395.421570	 311.954742	 295.999634	 391.325134	 332.032562	 283.336273
422.504395	 297.258026	 279.755157	 412.512634	 373.701019	 276.824768	 394.041229	 351.744720	 300.192627	 396.885742	 311.596893	 300.829315	 392.657349	 331.641968	 288.159973
423.968964	 296.924866	 284.172333	 413.633606	 373.342285	 281.231201	 395.359070	 351.348328	 304.659515	 398.342865	 311.209259	 305.304535	 393.980652	 331.233032	 292.640106
425.383575	 296.575134	 288.191437	 414.736420	 372.977203	 285.269043	 396.652435	 350.941803	 308.751953	 399.759277	 310.812744	 309.381531	 395.271332	 330.823517	 296.734253
426.628174	 296.230347	 291.633759	 415.811707	 372.633392	 288.880310	 397.903381	 350.558594	 312.403625	 401.093445	 310.435730	 313.016907	 396.504669	 330.442261	 300.394348
427.773712	 295.919769	 294.630066	 416.842407	 372.322296	 292.035522	 399.092529	 350.217010	 315.590363	 402.327332	 310.095245	 316.168732	 397.651917	 330.105530	 303.582306
428.795105	 295.642273	 297.143677	 417.795685	 372.036957	 294.730469	 400.185760	 349.892120	 318.316742	 403.444061	 309.771606	 318.826385	 398.697052	 329.796112	 306.295258
429.686646	 295.404297	 299.169891	 418.622925	 371.786163	 296.959229	 401.127747	 349.582123	 320.573090	 404.416199	 309.463318	 320.980896	 399.605865	 329.512177	 308.514496
430.433807	 295.222076	 300.707916	 419.296234	 371.591797	 298.710815	 401.900085	 349.318573	 322.324554	 405.226074	 309.200928	 322.630035	 400.360779	 329.274933	 310.216034
431.040558	 295.103210	 301.758698	 419.835724	 371.459747	 299.939209	 402.515869	 349.118500	 323.546875	 405.876587	 309.001678	 323.767181	 400.965607	 329.100250	 311.398987
431.507782	 295.034515	 302.305054	 420.255768	 371.385986	 300.609955	 402.993774	 348.992645	 324.217285	 406.384033	 308.878357	 324.366821	 401.432098	 328.992859	 312.043915
431.820099	 295.009521	 302.312195	 420.567963	 371.357391	 300.703247	 403.346741	 348.940277	 324.316803	 406.736267	 308.827484	 324.425385	 401.764282	 328.951416	 312.126556
431.974365	 294.986511	 301.761292	 420.764893	 371.339417	 300.215698	 403.554413	 348.914978	 323.845459	 406.922913	 308.799377	 323.918488	 401.952667	 328.938110	 311.638641
431.960388	 294.921417	 300.642731	 420.823608	 371.289978	 299.185913	 403.598969	 348.857635	 322.803284	 406.927856	 308.738953	 322.824799	 401.975281	 328.896851	 310.572235
431.771118	 294.797852	 298.939484	 420.737091	 371.181366	 297.624695	 403.467560	 348.726807	 321.184021	 406.738678	 308.602905	 321.128174	 401.823364	 328.791779	 308.910950
431.424744	 294.611603	 296.656342	 420.485168	 371.005615	 295.541016	 403.130646	 348.498962	 318.997559	 406.349304	 308.370453	 318.824829	 401.487976	 328.603210	 306.659821
430.925995	 294.381042	 293.848663	 420.064301	 370.781158	 292.945709	 402.582672	 348.199585	 316.253784	 405.765991	 308.068726	 315.942719	 400.977661	 328.350281	 303.833771
430.299744	 294.140350	 290.546753	 419.500793	 370.538361	 289.828033	 401.852509	 347.884247	 312.961639	 405.019928	 307.753204	 312.512817	 400.311859	 328.078766	 300.459381
429.570435	 293.913666	 286.791992	 418.815735	 370.304199	 286.193604	 400.973511	 347.597015	 309.136902	 404.133209	 307.466949	 308.579529	 399.518341	 327.827576	 296.558929
428.753235	 293.719086	 282.624756	 418.017334	 370.099731	 282.070038	 399.969177	 347.362183	 304.798737	 403.120239	 307.232025	 304.195160	 398.612610	 327.615051	 292.176514
427.871765	 293.567169	 278.074249	 417.122162	 369.926483	 277.487762	 398.844269	 347.178741	 299.992523	 402.005615	 307.051605	 299.393738	 397.615082	 327.439392	 287.340240
426.925110	 293.457855	 273.181305	 416.147247	 369.796967	 272.475037	 397.626007	 347.057648	 294.749176	 400.808899	 306.932495	 294.211395	 396.541595	 327.311707	 282.092255
425.924561	 293.406311	 267.953033	 415.118958	 369.724731	 267.072174	 396.351044	 347.016052	 289.114410	 399.551300	 306.890533	 288.669342	 395.412537	 327.251892	 276.476135
424.887482	 293.407990	 262.414520	 414.068085	 369.703949	 261.312408	 395.043549	 347.043915	 283.135651	 398.257385	 306.920319	 282.794983	 394.247650	 327.255798	 270.532715
423.811920	 293.447113	 256.594330	 413.009521	 369.732452	 255.228012	 393.718445	 347.128479	 276.852142	 396.936005	 307.003357	 276.628601	 393.068451	 327.311279	 264.283539
422.706909	 293.516571	 250.481277	 411.941681	 369.791931	 248.875244	 392.383972	 347.241699	 270.299896	 395.592468	 307.114838	 270.185669	 391.875580	 327.399933	 257.748535
421.578491	 293.596832	 244.113647	 410.886444	 369.865570	 242.295456	 391.059082	 347.363739	 263.504333	 394.243774	 307.238922	 263.475922	 390.675232	 327.505005	 250.975067
420.441315	 293.680603	 237.510071	 409.875763	 369.952209	 235.530258	 389.765717	 347.499176	 256.510681	 392.901520	 307.372314	 256.546173	 389.495880	 327.629150	 243.996567
419.298218	 293.750275	 230.701828	 408.921021	 370.032104	 228.620834	 388.522766	 347.628906	 249.366455	 391.564789	 307.495209	 249.444336	 388.340332	 327.758057	 236.854752
418.157928	 293.786804	 223.722168	 407.996307	 370.088287	 221.612869	 387.313507	 347.719727	 242.101578	 390.246399	 307.579803	 242.176529	 387.204010	 327.860046	 229.583038
417.031921	 293.804840	 216.601715	 407.077393	 370.123352	 214.546997	 386.108673	 347.761658	 234.744156	 388.942749	 307.615662	 234.771515	 386.084961	 327.930023	 222.187973
415.939178	 293.827393	 209.401855	 406.183411	 370.152771	 207.435013	 384.928314	 347.783386	 227.326874	 387.665710	 307.629578	 227.278183	 384.991730	 327.986511	 214.718613
414.902588	 293.883179	 202.196640	 405.360260	 370.226868	 200.285004	 383.809296	 347.854431	 219.893524	 386.457184	 307.691284	 219.766663	 383.966034	 328.080383	 207.235733
413.932739	 294.011383	 195.056381	 404.623138	 370.369110	 193.122849	 382.780762	 348.021667	 212.477707	 385.334656	 307.852539	 212.301758	 383.027649	 328.264038	 199.784027
413.048615	 294.193542	 187.986435	 403.976288	 370.570068	 185.966385	 381.856964	 348.274445	 205.091965	 384.304932	 308.105316	 204.911972	 382.182922	 328.526672	 192.379700
412.235535	 294.415955	 181.003952	 403.411560	 370.814880	 178.850204	 381.017700	 348.589355	 197.753128	 383.352692	 308.417511	 197.609024	 381.419312	 328.835571	 185.046768
411.482513	 294.658691	 174.141418	 402.914581	 371.065918	 171.817596	 380.253845	 348.931915	 190.500900	 382.472168	 308.755188	 190.420349	 380.726349	 329.162811	 177.814255
410.808716	 294.892822	 167.428299	 402.477081	 371.307159	 164.887939	 379.568390	 349.268616	 183.360703	 381.662231	 309.085968	 183.380966	 380.097595	 329.475342	 170.725754
410.229675	 295.124512	 160.883530	 402.076630	 371.532288	 158.109131	 378.928497	 349.589081	 176.374603	 380.931000	 309.395813	 176.504013	 379.538330	 329.762085	 163.793152
409.738770	 295.355591	 154.553558	 401.716248	 371.744720	 151.513702	 378.336548	 349.892548	 169.572113	 380.280243	 309.694794	 169.827103	 379.050964	 330.029388	 157.049728
409.319214	 295.580139	 148.477325	 401.408173	 371.968781	 145.103699	 377.805298	 350.203369	 162.960938	 379.693939	 310.006866	 163.380295	 378.626587	 330.294373	 150.521896
408.972260	 295.816956	 142.660187	 401.162659	 372.203125	 138.908066	 377.337524	 350.528809	 156.582184	 379.185913	 310.333282	 157.172714	 378.272339	 330.568207	 144.227356
408.723450	 296.059235	 137.134872	 400.994476	 372.431488	 132.975540	 376.966278	 350.847107	 150.474518	 378.786041	 310.655640	 151.233688	 378.007996	 330.834961	 138.210602
408.576691	 296.306274	 131.892303	 400.935120	 372.664337	 127.326790	 376.728058	 351.169250	 144.674728	 378.499451	 310.978302	 145.618149	 377.854706	 331.103668	 132.506119
408.503265	 296.558594	 126.929863	 401.002899	 372.896973	 121.975410	 376.633911	 351.512756	 139.206039	 378.321594	 311.320770	 140.343750	 377.814026	 331.393036	 127.135574
408.599609	 296.789551	 122.516457	 401.179352	 373.115845	 116.942200	 376.653015	 351.849701	 134.079788	 378.250763	 311.660675	 135.387558	 377.877228	 331.679382	 122.094162
408.790253	 296.965118	 118.469002	 401.402679	 373.278961	 112.239952	 376.721893	 352.112427	 129.280533	 378.252472	 311.928894	 130.719421	 377.989929	 331.900452	 117.371552
408.879822	 297.085968	 114.310257	 401.647247	 373.391663	 107.880997	 376.817322	 352.312988	 124.767281	 378.283569	 312.131165	 126.334412	 378.144531	 332.063629	 112.922035
409.041351	 297.182465	 110.528473	 401.939880	 373.488953	 103.857758	 376.969299	 352.502686	 120.564056	 378.357330	 312.323608	 122.248123	 378.346558	 332.219727	 108.778198
409.302887	 297.231415	 107.233421	 402.258698	 373.536407	 100.167473	 377.161072	 352.618958	 116.708870	 378.477631	 312.439423	 118.473190	 378.572723	 332.316071	 104.970634
409.551514	 297.195892	 104.192192	 402.502533	 373.504852	 96.818779	 377.295135	 352.608765	 113.146751	 378.569214	 312.427155	 114.935913	 378.765686	 332.302917	 101.432861
409.659302	 297.091034	 101.018265	 402.688904	 373.404968	 93.799835	 377.380035	 352.497467	 109.886871	 378.630890	 312.316162	 111.616364	 378.911285	 332.207214	 98.153343
409.800842	 296.961456	 98.177963	 402.893524	 373.277069	 91.096519	 377.499725	 352.341187	 106.980652	 378.731873	 312.154785	 108.617867	 379.084045	 332.080231	 95.190155
409.977142	 296.842529	 95.655617	 403.149017	 373.165070	 88.692749	 377.700684	 352.220215	 104.430641	 378.888641	 312.025604	 106.005119	 379.295868	 331.977386	 92.611420
410.177643	 296.754974	 93.470154	 403.453552	 373.091492	 86.587448	 377.967957	 352.164948	 102.268089	 379.101837	 311.968140	 103.791153	 379.548279	 331.929382	 90.418938
410.389923	 296.694916	 91.591164	 403.756866	 373.046356	 84.771332	 378.251282	 352.145935	 100.451241	 379.336090	 311.947693	 101.947594	 379.804565	 331.918884	 88.582253
410.589661	 296.634369	 89.990692	 404.010406	 373.002991	 83.224892	 378.509399	 352.119232	 98.942139	 379.558533	 311.920593	 100.417595	 380.026123	 331.896698	 87.059669
410.758118	 296.574921	 88.633507	 404.216644	 372.962494	 81.925201	 378.734741	 352.081879	 97.690048	 379.761719	 311.885162	 99.143379	 380.212952	 331.866150	 85.796753
410.894623	 296.521484	 87.493332	 404.392548	 372.923828	 80.843102	 378.933319	 352.054413	 96.664780	 379.938202	 311.851807	 98.100594	 380.365967	 331.843079	 84.760452
411.001434	 296.469055	 86.541832	 404.528381	 372.885803	 79.950882	 379.100861	 352.024200	 95.839836	 380.082336	 311.818970	 97.249710	 380.482758	 331.819946	 83.920128
411.073639	 296.411652	 85.764610	 404.592621	 372.841583	 79.223785	 379.206726	 351.969452	 95.189850	 380.190002	 311.766052	 96.567963	 380.551361	 331.771820	 83.251602
411.120575	 296.340149	 85.110107	 404.587341	 372.779297	 78.628036	 379.247864	 351.879333	 94.680420	 380.263397	 311.675323	 96.016533	 380.567902	 331.690033	 82.729248
411.139191	 296.252014	 84.555656	 404.539063	 372.710846	 78.134468	 379.254852	 351.773102	 94.256149	 380.308441	 311.568268	 95.560631	 380.550385	 331.590210	 82.292213
411.128876	 296.159882	 84.072632	 404.468201	 372.643188	 77.716835	 379.233734	 351.668976	 93.919655	 380.316467	 311.466125	 95.204605	 380.503967	 331.494202	 81.934486
411.097656	 296.065277	 83.640999	 404.372803	 372.571442	 77.369972	 379.190277	 351.556824	 93.655701	 380.305878	 311.353363	 94.900826	 380.440887	 331.393585	 81.639671
411.049225	 295.974457	 83.242630	 404.257019	 372.501434	 77.064354	 379.134277	 351.442108	 93.416168	 380.287994	 311.235962	 94.613060	 380.360718	 331.292969	 81.378143
410.985352	 295.905304	 82.841774	 404.151428	 372.452179	 76.738564	 379.075043	 351.346893	 93.165421	 380.255768	 311.141541	 94.324867	 380.272003	 331.212311	 81.116119
410.909790	 295.866211	 82.419991	 404.066193	 372.433380	 76.389015	 379.026947	 351.299530	 92.890251	 380.214111	 311.092712	 94.017570	 380.188568	 331.172272	 80.826500
410.829346	 295.858978	 81.986328	 404.002014	 372.450470	 76.022324	 378.994324	 351.303223	 92.594467	 380.173798	 311.095490	 93.692169	 380.113922	 331.180969	 80.513077
410.756775	 295.877899	 81.541153	 403.962799	 372.491425	 75.645363	 378.973358	 351.332367	 92.282539	 380.139771	 311.127594	 93.354294	 380.053894	 331.221436	 80.182747
410.691711	 295.916718	 81.071579	 403.943756	 372.556213	 75.263184	 378.961365	 351.384369	 91.948967	 380.108307	 311.178864	 92.984642	 380.008514	 331.285828	 79.825607
410.623566	 295.981140	 80.564682	 403.933105	 372.644592	 74.864326	 378.955353	 351.468750	 91.565941	 380.070831	 311.257629	 92.551537	 379.965149	 331.381989	 79.421608
410.541748	 296.067474	 79.997398	 403.919678	 372.746490	 74.426399	 378.939392	 351.567291	 91.121597	 380.015228	 311.353729	 92.042297	 379.915619	 331.498474	 78.947563
410.443329	 296.173492	 79.386978	 403.907318	 372.872620	 73.936707	 378.903137	 351.682983	 90.612755	 379.935883	 311.467407	 91.457359	 379.857391	 331.638733	 78.397957
410.342377	 296.312347	 78.737144	 403.914185	 373.026123	 73.405411	 378.876953	 351.840179	 90.030655	 379.852875	 311.619232	 90.808090	 379.807281	 331.816711	 77.782349
410.257935	 296.477997	 78.055122	 403.948181	 373.204803	 72.841965	 378.873535	 352.030579	 89.413895	 379.787354	 311.807129	 90.124023	 379.774536	 332.023102	 77.130127
410.187408	 296.660217	 77.355087	 403.994812	 373.403961	 72.271889	 378.883392	 352.242401	 88.783081	 379.734467	 312.012238	 89.421532	 379.765228	 332.252838	 76.459198
410.134125	 296.852997	 76.633011	 404.063263	 373.608856	 71.692200	 378.903198	 352.455231	 88.140121	 379.696350	 312.224365	 88.700661	 379.768463	 332.487885	 75.784393
410.098450	 297.044952	 75.906326	 404.142181	 373.818878	 71.115608	 378.937622	 352.662140	 87.491325	 379.675262	 312.431946	 87.968544	 379.783356	 332.714447	 75.097221
410.137451	 297.402435	 75.352959	 404.300171	 374.224487	 70.510071	 379.057190	 353.104309	 86.890388	 379.747467	 312.867401	 87.446007	 379.874298	 333.124664	 74.528381
410.276794	 297.893005	 75.062508	 404.526489	 374.664276	 69.864838	 379.314850	 353.722321	 86.418221	 379.926086	 313.494812	 87.207695	 380.061188	 333.687439	 74.165901
410.415680	 298.279633	 74.767807	 404.648773	 375.067322	 69.228226	 379.496216	 354.232788	 85.951561	 380.091248	 314.004791	 86.959023	 380.209320	 334.122681	 73.804985
410.588318	 298.597412	 74.539772	 404.722595	 375.342163	 68.818924	 379.665375	 354.532318	 85.706673	 380.312775	 314.315460	 86.819679	 380.348877	 334.401245	 73.615387
410.828888	 298.712433	 74.421181	 404.819031	 375.494507	 68.808899	 379.873840	 354.620880	 85.814583	 380.590302	 314.402283	 86.904579	 380.537903	 334.496796	 73.705826
411.009949	 298.840668	 74.304886	 404.907990	 375.688721	 68.738106	 380.015167	 354.731384	 85.866585	 380.802765	 314.508148	 86.949577	 380.657715	 334.600525	 73.751335
411.173523	 298.943268	 74.187073	 404.961700	 375.812622	 68.622772	 380.154785	 354.835083	 85.877167	 380.989227	 314.620239	 86.977509	 380.760529	 334.706116	 73.759758
411.366974	 298.976166	 74.096718	 404.945923	 375.887787	 68.591637	 380.245117	 354.840332	 85.925453	 381.180969	 314.624512	 87.015907	 380.856567	 334.710785	 73.810326
411.562897	 299.031647	 74.003265	 404.905457	 375.978363	 68.528633	 380.310364	 354.850525	 85.936066	 381.363831	 314.635315	 87.028503	 380.937317	 334.718933	 73.830269
411.772491	 299.076172	 73.917313	 404.874268	 376.073700	 68.495224	 380.392059	 354.878265	 85.961342	 381.542603	 314.664520	 87.061066	 381.029816	 334.748077	 73.853577
411.989532	 299.129578	 73.838524	 404.822021	 376.199707	 68.478165	 380.453674	 354.923462	 85.986732	 381.709381	 314.712250	 87.091576	 381.109833	 334.794952	 73.878593
412.213257	 299.171448	 73.768250	 404.714996	 376.350922	 68.474770	 380.443481	 354.985016	 86.010559	 381.815704	 314.779388	 87.111382	 381.132111	 334.857971	 73.900726
412.440430	 299.173309	 73.737305	 404.538147	 376.499237	 68.518745	 380.358551	 355.049835	 86.022659	 381.842743	 314.847473	 87.120010	 381.091400	 334.921906	 73.911278
412.758209	 299.163910	 73.871376	 404.332977	 376.653381	 68.566856	 380.242859	 355.120148	 86.009857	 381.835236	 314.919037	 87.110672	 381.029114	 334.988068	 73.908371
413.191742	 299.092621	 74.177635	 404.151642	 376.802917	 68.585838	 380.138672	 355.180420	 86.006912	 381.828705	 314.985931	 87.105637	 380.972412	 335.052948	 73.910187
413.648682	 298.905426	 74.411392	 404.013947	 376.939545	 68.566452	 380.062347	 355.224457	 86.007027	 381.837280	 315.035797	 87.105927	 380.943726	 335.102203	 73.905365
414.177429	 298.606720	 74.635445	 403.909790	 377.044678	 68.516991	 380.015991	 355.254059	 85.998146	 381.834656	 315.068726	 87.103371	 380.917297	 335.133423	 73.901894
414.801331	 298.187653	 74.915535	 403.817993	 377.098785	 68.444534	 379.993774	 355.259155	 85.995750	 381.826569	 315.076416	 87.100914	 380.898987	 335.140411	 73.904007
415.528137	 297.716675	 75.250099	 403.743958	 377.161591	 68.344543	 379.979492	 355.253754	 85.998688	 381.812561	 315.069763	 87.099480	 380.889038	 335.132935	 73.899063
416.365601	 297.205811	 75.627777	 403.721619	 377.311249	 68.202438	 379.976776	 355.252258	 85.994461	 381.803619	 315.067719	 87.102486	 380.885986	 335.132202	 73.895752
417.363373	 296.531128	 76.106171	 403.788116	 377.645203	 68.070885	 379.982666	 355.252441	 85.990692	 381.807373	 315.066956	 87.102646	 380.887482	 335.132233	 73.897964
418.536072	 295.617523	 76.731094	 404.063110	 378.447052	 68.117554	 379.985291	 355.252808	 85.988892	 381.808380	 315.066162	 87.101509	 380.889526	 335.132050	 73.895912
419.881622	 294.549530	 77.487907	 404.913116	 380.105865	 69.309967	 379.982697	 355.256226	 85.990334	 381.806274	 315.068054	 87.102287	 380.888519	 335.134552	 73.897049
421.394440	 293.578918	 78.479256	 406.443451	 382.410553	 71.341698	 379.980591	 355.253601	 85.993919	 381.806763	 315.067017	 87.100998	 380.885193	 335.134460	 73.899826
423.100281	 292.865479	 79.857590	 408.112122	 384.297607	 73.272667	 379.981445	 355.251984	 85.992020	 381.808105	 315.066498	 87.095039	 380.887268	 335.133362	 73.893463
425.025970	 292.352478	 81.653633	 409.550690	 385.357147	 75.174393	 379.982452	 355.252167	 85.994987	 381.809082	 315.067810	 87.096298	 380.893280	 335.134399	 73.891068
427.163239	 292.023224	 83.840218	 410.926208	 386.076782	 77.232841	 379.985657	 355.248840	 85.995560	 381.812347	 315.066162	 87.099762	 380.895050	 335.130066	 73.896675
429.496368	 291.888794	 86.384560	 412.470520	 386.816406	 79.501984	 379.988983	 355.251312	 85.992371	 381.817047	 315.066254	 87.099037	 380.894623	 335.127838	 73.899696
432.009857	 291.994232	 89.271233	 414.237396	 387.632782	 82.114647	 379.992218	 355.251892	 85.990685	 381.819977	 315.065399	 87.097961	 380.896851	 335.130920	 73.897987
434.699615	 292.345001	 92.360168	 416.224030	 388.554688	 85.098297	 379.995514	 355.249573	 85.991096	 381.824249	 315.064514	 87.094688	 380.900879	 335.130890	 73.896538
437.516479	 292.854370	 95.412239	 418.414032	 389.566467	 88.303833	 379.995453	 355.249634	 85.993599	 381.824219	 315.066986	 87.097542	 380.904510	 335.130951	 73.891251
440.446411	 293.479095	 98.390450	 420.749268	 390.585449	 91.616745	 379.998016	 355.247345	 85.991791	 381.826324	 315.064545	 87.094383	 380.908661	 335.130554	 73.887611
443.522614	 294.294952	 101.430084	 423.166534	 391.534698	 94.953255	 380.000488	 355.248199	 85.990868	 381.828979	 315.062927	 87.091461	 380.908722	 335.129883	 73.892982
446.736572	 295.316803	 104.529205	 425.642975	 392.400574	 98.219124	 380.001190	 355.251007	 85.988907	 381.827209	 315.064240	 87.096024	 380.908600	 335.131561	 73.896042
450.089386	 296.525940	 107.643318	 428.197174	 393.235260	 101.347694	 380.002167	 355.248230	 85.991486	 381.829041	 315.063385	 87.097496	 380.910858	 335.130157	 73.892525
453.584808	 297.862946	 110.769661	 430.836151	 394.073944	 104.313728	 379.998718	 355.248291	 85.994400	 381.829742	 315.064514	 87.091278	 380.909271	 335.129883	 73.887177
457.245575	 299.344788	 113.917480	 433.549744	 394.883789	 107.072571	 379.997162	 355.248169	 85.987923	 381.828583	 315.064301	 87.086426	 380.907745	 335.130280	 73.887459
461.105957	 301.037079	 117.123604	 436.336395	 395.638306	 109.597313	 379.996826	 355.245270	 85.986725	 381.826263	 315.062531	 87.089981	 380.904816	 335.127319	 73.892212
465.134674	 302.928589	 120.374313	 439.177307	 396.312653	 111.920509	 379.994873	 355.248047	 85.990067	 381.826477	 315.065063	 87.090004	 380.900116	 335.127411	 73.892609
469.320923	 304.923798	 123.522865	 442.049042	 396.849426	 114.097435	 379.996765	 355.248108	 85.989830	 381.827911	 315.065186	 87.092979	 380.903259	 335.128845	 73.895264
473.674622	 306.876068	 126.454506	 444.947540	 397.232025	 116.134613	 379.995117	 355.247925	 85.991638	 381.826935	 315.064514	 87.095245	 380.906860	 335.129395	 73.892822
478.248291	 308.690216	 129.122986	 447.917847	 397.464844	 118.019554	 379.994019	 355.250763	 85.992653	 381.826935	 315.068451	 87.090675	 380.904694	 335.132690	 73.890938
483.103485	 310.360596	 131.558792	 451.030060	 397.526215	 119.738342	 379.996033	 355.248718	 85.993347	 381.831604	 315.067566	 87.085678	 380.906281	 335.130524	 73.897202
488.244385	 311.904694	 133.760620	 454.406464	 397.491943	 121.308205	 379.996796	 355.249878	 85.990021	 381.832214	 315.066620	 87.087646	 380.910736	 335.130615	 73.895073
493.725708	 313.404053	 135.775955	 458.208649	 397.516632	 122.796371	 380.001068	 355.251434	 85.989708	 381.834290	 315.068878	 87.091125	 380.910492	 335.132233	 73.896233
499.567535	 314.957092	 137.681976	 462.468201	 397.563873	 124.312660	 380.005585	 355.250092	 85.991554	 381.839508	 315.067963	 87.092064	 380.913422	 335.129028	 73.897926
505.771759	 316.582642	 139.473297	 467.091064	 397.462006	 125.924408	 380.006531	 355.252319	 85.990555	 381.838837	 315.068604	 87.093575	 380.915558	 335.131195	 73.897888
512.372070	 318.237366	 141.156235	 472.009064	 397.120544	 127.577698	 380.007690	 355.250488	 85.992752	 381.839722	 315.067657	 87.092033	 380.919525	 335.131683	 73.892181
519.339172	 319.871277	 142.640411	 477.194397	 396.482117	 129.131851	 380.009155	 355.249969	 85.987373	 381.840820	 315.065674	 87.089790	 380.918182	 335.128876	 73.893082
526.640381	 321.430817	 143.848175	 482.632111	 395.470032	 130.482666	 380.009613	 355.251282	 85.984383	 381.838684	 315.067230	 87.089302	 380.915955	 335.129517	 73.899315
534.279724	 322.933258	 144.784317	 488.359039	 394.115875	 131.542267	 380.011261	 355.248596	 85.990555	 381.839996	 315.066986	 87.089752	 380.919739	 335.128723	 73.891357
542.232483	 324.454254	 145.428024	 494.445740	 392.599792	 132.276627	 380.014618	 355.252075	 85.986328	 381.844757	 315.068604	 87.087669	 380.920868	 335.129761	 73.889702
550.413208	 326.025513	 145.743637	 500.942688	 391.114655	 132.729996	 380.014313	 355.251892	 85.984955	 381.844635	 315.070038	 87.090019	 380.919800	 335.131409	 73.894020
558.759827	 327.678741	 145.681534	 507.850586	 389.830475	 132.926514	 380.009949	 355.247162	 85.989441	 381.844696	 315.065826	 87.089058	 380.924164	 335.131744	 73.888290
567.207947	 329.467255	 145.244400	 515.129333	 388.834625	 132.846909	 380.010498	 355.249725	 85.989372	 381.843903	 315.065063	 87.083527	 380.926331	 335.131958	 73.881973
575.678162	 331.393768	 144.380493	 522.725952	 387.967133	 132.492981	 380.015137	 355.250702	 85.988243	 381.843689	 315.064514	 87.084328	 380.926666	 335.129120	 73.881210
584.106201	 333.432800	 143.017471	 530.630066	 386.960632	 131.830460	 380.017395	 355.249542	 85.987541	 381.849670	 315.064484	 87.083794	 380.927246	 335.127228	 73.892586
592.479736	 335.589752	 141.107300	 538.824524	 385.741028	 130.785873	 380.022156	 355.251343	 85.985802	 381.852814	 315.067139	 87.084839	 380.930176	 335.129700	 73.889259
600.780334	 337.842010	 138.647354	 547.312195	 384.360931	 129.243423	 380.023529	 355.250031	 85.987213	 381.854218	 315.065918	 87.086693	 380.930328	 335.131012	 73.888626
608.961243	 340.199036	 135.669434	 556.094482	 382.864166	 127.153465	 380.019897	 355.251282	 85.988503	 381.851654	 315.065552	 87.088402	 380.929901	 335.131470	 73.888237
616.995544	 342.696960	 132.219757	 565.147278	 381.322632	 124.563782	 380.016998	 355.253296	 85.983421	 381.847778	 315.068542	 87.090599	 380.927124	 335.133301	 73.883705
624.904968	 345.293030	 128.415924	 574.430481	 379.905823	 121.525780	 380.012268	 355.251465	 85.984383	 381.844208	 315.069031	 87.090591	 380.922363	 335.133636	 73.888039
632.697632	 347.950256	 124.402298	 583.861023	 378.815704	 118.087349	 380.008789	 355.254272	 85.985367	 381.839752	 315.069611	 87.093735	 380.919556	 335.133209	 73.887238
640.328003	 350.695129	 120.243164	 593.323242	 378.152222	 114.355301	 380.005310	 355.256073	 85.984535	 381.834351	 315.070160	 87.094498	 380.913452	 335.134277	 73.891541
647.711975	 353.579865	 115.992226	 602.733765	 377.943726	 110.420586	 380.002350	 355.253235	 85.983383	 381.828949	 315.066833	 87.092659	 380.909241	 335.131836	 73.893623
654.805847	 356.655365	 111.691147	 611.985229	 378.168945	 106.393272	 379.999359	 355.254456	 85.977295	 381.826202	 315.066895	 87.087418	 380.905914	 335.132355	 73.885986
661.572327	 359.931396	 107.378876	 620.955872	 378.807709	 102.334038	 379.995422	 355.253082	 85.975525	 381.822693	 315.068024	 87.085777	 380.903717	 335.133484	 73.879951
668.015747	 363.347534	 103.029236	 629.561951	 379.820068	 98.218803	 379.994934	 355.252777	 85.975800	 381.820526	 315.066437	 87.089935	 380.903107	 335.131958	 73.886147
674.176880	 366.866364	 98.602081	 637.812134	 381.141785	 93.907463	 379.993439	 355.255219	 85.982674	 381.820618	 315.069489	 87.091957	 380.900269	 335.133942	 73.888535
680.032837	 370.493866	 94.127731	 645.723572	 382.691986	 89.293350	 379.992188	 355.254181	 85.985123	 381.821960	 315.069916	 87.093193	 380.900696	 335.135590	 73.885262
685.612183	 374.184418	 89.673225	 653.289490	 384.398621	 84.364319	 379.995178	 355.256622	 85.983437	 381.824493	 315.070557	 87.091156	 380.905457	 335.135956	 73.882515
691.040466	 377.747040	 85.237274	 660.473511	 386.205078	 79.220711	 379.999573	 355.259491	 85.984314	 381.827789	 315.073090	 87.088615	 380.908813	 335.138123	 73.882729
696.404968	 380.971588	 80.771896	 667.214172	 388.092255	 74.004051	 380.003204	 355.255524	 85.983055	 381.834198	 315.070282	 87.082870	 380.912933	 335.137939	 73.881813
701.698547	 383.784027	 76.240021	 673.459229	 390.050262	 68.846962	 380.005951	 355.257355	 85.983009	 381.835754	 315.069366	 87.085846	 380.917084	 335.137451	 73.882019
706.815308	 386.289001	 71.609917	 679.235779	 392.037201	 63.810490	 380.010834	 355.259521	 85.980675	 381.837311	 315.072083	 87.089508	 380.917023	 335.138489	 73.886864
711.671021	 388.601318	 66.899193	 684.593445	 394.008209	 58.901199	 380.012390	 355.258118	 85.984337	 381.840179	 315.072205	 87.089203	 380.919312	 335.136902	 73.887627
716.264709	 390.701294	 62.136353	 689.553040	 395.912018	 54.132690	 380.011078	 355.259674	 85.987579	 381.841064	 315.073181	 87.088562	 380.920959	 335.138275	 73.889381
720.646362	 392.482025	 57.402988	 694.109985	 397.699127	 49.517094	 380.011108	 355.257233	 85.988434	 381.840057	 315.071930	 87.090149	 380.919525	 335.137878	 73.890030
724.820984	 393.971558	 52.763672	 698.373657	 399.296295	 45.003250	 380.010468	 355.256805	 85.987137	 381.839294	 315.072144	 87.088470	 380.920258	 335.136200	 73.887054
728.769165	 395.248627	 48.251888	 702.459656	 400.666443	 40.556995	 380.012756	 355.260864	 85.982376	 381.841400	 315.074280	 87.087708	 380.922607	 335.140167	 73.888405
732.516846	 396.307556	 43.942818	 706.344238	 401.841492	 36.234371	 380.015442	 355.259277	 85.986824	 381.848053	 315.071869	 87.088234	 380.930756	 335.140137	 73.884933
736.017029	 397.219421	 39.839218	 709.950867	 402.909027	 32.126759	 380.017639	 355.260590	 85.990013	 381.849609	 315.074799	 87.089844	 380.935516	 335.142670	 73.877388
739.220459	 398.052094	 35.777309	 713.274048	 403.998474	 28.201826	 380.019104	 355.260651	 85.989075	 381.848877	 315.077148	 87.092377	 380.929901	 335.142426	 73.884964
742.134521	 398.836761	 31.677263	 716.312561	 405.155640	 24.438278	 380.017578	 355.257446	 85.992989	 381.852814	 315.072998	 87.089035	 380.929443	 335.137390	 73.888565
744.776306	 399.604828	 27.688280	 719.097473	 406.317780	 20.819426	 380.020050	 355.260895	 85.989082	 381.851898	 315.073822	 87.089851	 380.932037	 335.140289	 73.884094
747.179077	 400.307159	 23.890396	 721.681946	 407.442108	 17.306644	 380.023468	 355.259033	 85.985703	 381.854065	 315.075500	 87.090630	 380.933044	 335.142731	 73.886589
749.380798	 400.901245	 20.226774	 724.089478	 408.491211	 13.924497	 380.022339	 355.258148	 85.990135	 381.853912	 315.074341	 87.092598	 380.934265	 335.140869	 73.888878
751.419434	 401.386475	 16.711624	 726.310974	 409.377502	 10.772289	 380.020813	 355.261719	 85.989258	 381.850647	 315.076202	 87.091049	 380.929596	 335.141327	 73.889931
753.311035	 401.733826	 13.514238	 728.313477	 410.073456	 7.943844	 380.020325	 355.261505	 85.984596	 381.850891	 315.074921	 87.088501	 380.929077	 335.142242	 73.886505
755.042908	 401.971130	 10.720793	 730.110901	 410.598022	 5.485448	 380.014587	 355.261536	 85.989151	 381.844910	 315.075684	 87.090591	 380.924713	 335.141968	 73.886292
756.598328	 402.146515	 8.349972	 731.734131	 410.964172	 3.374112	 380.010376	 355.261932	 85.990669	 381.840759	 315.077850	 87.088699	 380.918335	 335.142944	 73.889587
757.953308	 402.304047	 6.408341	 733.168701	 411.220276	 1.571816	 380.008087	 355.259460	 85.991516	 381.838318	 315.073975	 87.091454	 380.917297	 335.139923	 73.891899
759.070190	 402.459930	 4.770756	 734.375671	 411.473572	 0.015273	 380.004059	 355.259064	 85.994286	 381.835938	 315.073639	 87.093491	 380.914368	 335.138977	 73.895699
759.949524	 402.660278	 3.173746	 735.354126	 411.829834	 -1.401195	 380.004822	 355.258301	 85.992142	 381.834534	 315.073792	 87.095589	 380.915283	 335.138824	 73.895454
760.574707	 402.943329	 1.508545	 736.134155	 412.299866	 -2.831648	 380.002136	 355.255493	 85.993286	 381.829987	 315.069031	 87.096718	 380.911896	 335.135193	 73.898788
760.979675	 403.289429	 -0.234597	 736.744324	 412.815826	 -4.371030	 380.000244	 355.255676	 85.993660	 381.833374	 315.070862	 87.087067	 380.906097	 335.135681	 73.903847
761.245178	 403.512146	 -1.644389	 737.074646	 413.059723	 -5.277872	 380.002197	 355.254913	 85.991478	 381.835938	 315.071075	 87.087166	 380.909637	 335.136658	 73.899353
761.437012	 403.576660	 -2.093995	 737.238525	 413.155640	 -5.257309	 380.002930	 355.256104	 85.993790	 381.833435	 315.070465	 87.095520	 380.913147	 335.135468	 73.893761
761.562988	 403.692139	 -1.964562	 737.487793	 413.332855	 -4.974014	 380.006989	 355.259766	 85.993179	 381.836487	 315.074554	 87.100578	 380.916840	 335.139587	 73.893845
761.635315	 403.803619	 -1.962079	 737.723389	 413.543671	 -4.794031	 380.008728	 355.258209	 85.995842	 381.839935	 315.073822	 87.102158	 380.918732	 335.138916	 73.899200
761.633606	 403.822906	 -2.020568	 737.877502	 413.701843	 -4.700923	 380.011871	 355.257660	 85.996193	 381.840820	 315.072754	 87.103439	 380.920654	 335.136353	 73.903183
761.551636	 403.829315	 -2.061004	 737.996887	 413.815125	 -4.632496	 380.016571	 355.257080	 85.994080	 381.844391	 315.072845	 87.104561	 380.924225	 335.137848	 73.898407
761.395203	 403.814789	 -2.057766	 738.061707	 413.931580	 -4.600736	 380.016052	 355.254272	 85.998550	 381.846497	 315.070282	 87.104675	 380.925323	 335.133972	 73.900375
761.183899	 403.745178	 -2.054650	 738.065491	 414.032196	 -4.613428	 380.016052	 355.255127	 85.999458	 381.847168	 315.070313	 87.108765	 380.924591	 335.132080	 73.902702
760.917419	 403.648254	 -2.056987	 738.016479	 414.126129	 -4.643104	 380.020050	 355.253235	 85.996414	 381.850281	 315.070099	 87.108612	 380.926727	 335.132996	 73.904160
760.589172	 403.554199	 -2.046877	 737.911621	 414.247955	 -4.689588	 380.021820	 355.251160	 86.002480	 381.853180	 315.067749	 87.106232	 380.931213	 335.131622	 73.907280
760.197693	 403.452759	 -2.026839	 737.732300	 414.361359	 -4.743209	 380.020630	 355.253723	 86.003410	 381.850372	 315.069763	 87.108177	 380.928253	 335.133484	 73.911888
759.746765	 403.325836	 -2.011706	 737.472229	 414.417145	 -4.770800	 380.020874	 355.254211	 85.997246	 381.849762	 315.070007	 87.110626	 380.928284	 335.134186	 73.913300
759.242798	 403.174072	 -2.002516	 737.129700	 414.430450	 -4.768517	 380.019867	 355.255524	 86.004417	 381.851837	 315.071075	 87.109749	 380.929626	 335.134766	 73.913071
758.685852	 402.998810	 -1.999655	 736.728577	 414.427612	 -4.734522	 380.018097	 355.257782	 86.012100	 381.850098	 315.074097	 87.113045	 380.928802	 335.139038	 73.915741
758.095032	 402.785553	 -2.016317	 736.286560	 414.413727	 -4.706221	 380.017548	 355.255737	 86.011124	 381.850311	 315.073425	 87.115395	 380.930054	 335.138672	 73.915085
757.484558	 402.537628	 -2.046952	 735.828186	 414.392578	 -4.695666	 380.018829	 355.256439	 86.008125	 381.849152	 315.072388	 87.115997	 380.928589	 335.136932	 73.914764
756.856934	 402.276917	 -2.081399	 735.355896	 414.358154	 -4.683079	 380.019379	 355.255554	 86.007164	 381.847351	 315.071198	 87.115074	 380.929077	 335.137238	 73.914482
756.228638	 402.010193	 -2.123540	 734.880798	 414.310730	 -4.659772	 380.019928	 355.253784	 86.006256	 381.847839	 315.068268	 87.115311	 380.928589	 335.131134	 73.919159
755.604675	 401.755646	 -2.171854	 734.432434	 414.265900	 -4.648297	 380.016571	 355.255554	 86.011215	 381.845673	 315.070099	 87.117256	 380.924286	 335.132294	 73.917747
754.993408	 401.526733	 -2.210345	 734.014771	 414.226776	 -4.660975	 380.013306	 355.253906	 86.012466	 381.842468	 315.071503	 87.118095	 380.921875	 335.135773	 73.913071
754.404968	 401.324463	 -2.255888	 733.637817	 414.201385	 -4.681397	 380.007050	 355.256287	 86.011604	 381.837006	 315.071716	 87.120613	 380.917694	 335.136383	 73.914886
753.844299	 401.143372	 -2.309689	 733.287781	 414.168793	 -4.697974	 379.996552	 355.260406	 86.012550	 381.828278	 315.074799	 87.117805	 380.906128	 335.139557	 73.919693
753.309814	 400.966248	 -2.354456	 732.949158	 414.119781	 -4.711374	 379.988190	 355.259186	 86.012436	 381.819092	 315.075592	 87.116524	 380.897247	 335.139099	 73.919205
752.798340	 400.810150	 -2.388978	 732.618652	 414.080627	 -4.747620	 379.982269	 355.259766	 86.015007	 381.812836	 315.075806	 87.115234	 380.888092	 335.138275	 73.925026
752.315002	 400.680420	 -2.430489	 732.322205	 414.062775	 -4.808698	 379.980042	 355.259125	 86.015976	 381.810577	 315.075623	 87.116127	 380.888336	 335.140259	 73.916809
751.852661	 400.567749	 -2.442488	 732.048401	 414.068176	 -4.864154	 379.982361	 355.256073	 86.012573	 381.814026	 315.074219	 87.115906	 380.892822	 335.137878	 73.915688
751.406494	 400.480835	 -2.429588	 731.764404	 414.091492	 -4.920829	 379.983795	 355.258057	 86.008270	 381.813202	 315.074860	 87.117531	 380.888489	 335.138153	 73.929123
750.993713	 400.399261	 -2.448000	 731.500854	 414.115662	 -4.968545	 379.984833	 355.257446	 86.008949	 381.812683	 315.073730	 87.121841	 380.890808	 335.138153	 73.922485
750.609497	 400.329193	 -2.463786	 731.270142	 414.160309	 -5.037027	 379.984955	 355.256378	 86.011871	 381.813965	 315.072144	 87.117378	 380.892303	 335.133453	 73.917229
750.250427	 400.288422	 -2.467789	 731.045715	 414.216400	 -5.120692	 379.982849	 355.258698	 86.014481	 381.814697	 315.076080	 87.114151	 380.893707	 335.136139	 73.916611
749.920410	 400.241638	 -2.480644	 730.835938	 414.266968	 -5.187693	 379.991455	 355.260193	 86.010307	 381.822998	 315.078278	 87.112450	 380.899536	 335.138367	 73.917351
749.623779	 400.196777	 -2.500519	 730.649597	 414.329651	 -5.230282	 379.995850	 355.262970	 86.012733	 381.830750	 315.079071	 87.107498	 380.904480	 335.140472	 73.920341
749.353821	 400.158630	 -2.519250	 730.494202	 414.393707	 -5.263825	 379.997253	 355.264374	 86.015533	 381.829285	 315.081268	 87.112213	 380.906311	 335.142853	 73.921700
749.131958	 400.114471	 -2.544252	 730.373413	 414.443237	 -5.286359	 380.003571	 355.263611	 86.003288	 381.827087	 315.079010	 87.119835	 380.907959	 335.142181	 73.919144
748.944763	 400.070160	 -2.569792	 730.288086	 414.475159	 -5.298495	 380.003143	 355.265594	 86.000633	 381.826080	 315.077820	 87.114601	 380.910522	 335.144745	 73.905426
748.799255	 400.025513	 -2.602746	 730.240356	 414.485809	 -5.302158	 379.998077	 355.263184	 86.005104	 381.824219	 315.077576	 87.109360	 380.905579	 335.142914	 73.905548
748.684143	 399.977814	 -2.632603	 730.215332	 414.490234	 -5.295018	 379.993744	 355.258362	 86.005508	 381.821747	 315.074738	 87.111435	 380.900055	 335.136536	 73.906654
748.588013	 399.944763	 -2.662410	 730.200073	 414.499847	 -5.283420	 379.991791	 355.259094	 86.005157	 381.820129	 315.075226	 87.110710	 380.899750	 335.137909	 73.905739
748.509460	 399.916962	 -2.690046	 730.187805	 414.508453	 -5.273799	 379.992523	 355.258698	 86.002365	 381.821716	 315.073547	 87.111290	 380.898743	 335.135468	 73.912529
748.438416	 399.885986	 -2.712577	 730.176453	 414.516479	 -5.269294	 379.993744	 355.258331	 85.998123	 381.822693	 315.072266	 87.107590	 380.899048	 335.133392	 73.914307
748.376709	 399.860168	 -2.730475	 730.166504	 414.521545	 -5.253285	 379.991119	 355.259552	 85.998085	 381.818420	 315.074524	 87.109879	 380.899384	 335.138275	 73.910370
748.332458	 399.844971	 -2.750034	 730.168213	 414.526825	 -5.241297	 379.987030	 355.258423	 86.002548	 381.817169	 315.074982	 87.113632	 380.896881	 335.139496	 73.911743
748.301086	 399.843048	 -2.760710	 730.181030	 414.540375	 -5.236259	 379.989349	 355.260956	 86.002075	 381.817688	 315.076233	 87.116684	 380.897278	 335.138336	 73.911575
748.279480	 399.844971	 -2.765866	 730.193054	 414.548035	 -5.228059	 379.995087	 355.263519	 85.995743	 381.822479	 315.077179	 87.111420	 380.897797	 335.140869	 73.914848
748.268555	 399.838348	 -2.773168	 730.203674	 414.549957	 -5.215421	 379.996338	 355.261841	 85.997406	 381.827393	 315.076172	 87.106590	 380.905426	 335.142365	 73.906555
748.263000	 399.833649	 -2.778029	 730.215515	 414.557770	 -5.204465	 379.995514	 355.261169	 86.000603	 381.823456	 315.077087	 87.113037	 380.906433	 335.140167	 73.904587
748.267822	 399.829742	 -2.787013	 730.229370	 414.561462	 -5.191175	 379.997162	 355.261322	 86.001823	 381.826019	 315.075470	 87.109039	 380.904663	 335.138824	 73.908379
748.280029	 399.817963	 -2.786121	 730.242615	 414.556427	 -5.168569	 379.997406	 355.260681	 86.002960	 381.828217	 315.073120	 87.107903	 380.906494	 335.135803	 73.906754
748.307190	 399.814087	 -2.792737	 730.257629	 414.547546	 -5.140333	 379.993164	 355.259735	 86.003311	 381.824738	 315.073608	 87.111465	 380.905243	 335.136139	 73.907227
748.334900	 399.818665	 -2.796146	 730.271790	 414.533600	 -5.118686	 379.993317	 355.258301	 86.001152	 381.824066	 315.073578	 87.109276	 380.900818	 335.135864	 73.909515
748.353271	 399.827362	 -2.784904	 730.279541	 414.521271	 -5.110546	 379.994324	 355.259521	 85.998894	 381.822723	 315.074310	 87.107315	 380.899384	 335.137695	 73.911079
748.368835	 399.840698	 -2.783424	 730.284973	 414.512482	 -5.102284	 379.989258	 355.261108	 86.001976	 381.820038	 315.075989	 87.108932	 380.898529	 335.141022	 73.907310
748.385498	 399.847412	 -2.784691	 730.292175	 414.497925	 -5.086471	 379.987671	 355.259369	 85.999489	 381.818115	 315.075287	 87.109840	 380.896912	 335.138885	 73.906769
748.397156	 399.850311	 -2.779175	 730.299072	 414.480774	 -5.069957	 379.985626	 355.260437	 85.996803	 381.815033	 315.075806	 87.108566	 380.894531	 335.138824	 73.909431
748.404968	 399.850555	 -2.781289	 730.302002	 414.459595	 -5.049799	 379.985504	 355.262451	 85.995842	 381.816071	 315.078583	 87.107346	 380.893829	 335.141571	 73.905121
748.406860	 399.840912	 -2.784534	 730.300598	 414.431519	 -5.038672	 379.985229	 355.261597	 86.004456	 381.819519	 315.078766	 87.108849	 380.894806	 335.139099	 73.909500
748.401428	 399.826477	 -2.787966	 730.293152	 414.404419	 -5.030980	 379.984161	 355.263519	 86.007515	 381.818909	 315.079285	 87.109596	 380.894989	 335.140839	 73.912605
748.399414	 399.813965	 -2.787248	 730.292969	 414.381287	 -5.016258	 379.986908	 355.261932	 86.002953	 381.819916	 315.077667	 87.109154	 380.896576	 335.141663	 73.912949
748.412781	 399.806335	 -2.789214	 730.307129	 414.366882	 -5.006646	 379.989197	 355.260742	 86.002419	 381.819458	 315.076294	 87.113380	 380.896637	 335.139252	 73.918007
748.436462	 399.810913	 -2.791839	 730.318848	 414.352722	 -4.992768	 379.988892	 355.262482	 86.005600	 381.820343	 315.078644	 87.111435	 380.898102	 335.142761	 73.911461
748.455261	 399.819061	 -2.780328	 730.327393	 414.336731	 -4.983273	 379.992371	 355.261169	 86.007889	 381.825531	 315.078308	 87.110359	 380.903625	 335.142242	 73.910843
748.464539	 399.830658	 -2.767505	 730.320007	 414.327332	 -4.981571	 379.993835	 355.263214	 86.007339	 381.825470	 315.077820	 87.117706	 380.900726	 335.139679	 73.917519
748.461365	 399.850555	 -2.764549	 730.304626	 414.319733	 -4.997054	 379.993347	 355.264191	 86.005722	 381.822113	 315.078217	 87.117508	 380.897705	 335.141052	 73.917473
748.454468	 399.866791	 -2.765492	 730.285950	 414.311523	 -5.017156	 379.992920	 355.261932	 86.003723	 381.820831	 315.075928	 87.113762	 380.899841	 335.138733	 73.911575
748.445496	 399.872437	 -2.767709	 730.266479	 414.312317	 -5.023294	 379.986603	 355.263275	 86.009285	 381.818115	 315.076538	 87.113953	 380.897583	 335.140198	 73.910294
748.437012	 399.863983	 -2.765647	 730.258789	 414.313782	 -5.018393	 379.987427	 355.261780	 86.007912	 381.817932	 315.078064	 87.115250	 380.897125	 335.140747	 73.914200
748.436890	 399.852203	 -2.767375	 730.257813	 414.316498	 -5.014011	 379.988708	 355.261383	 86.006653	 381.817719	 315.076721	 87.114494	 380.896545	 335.139557	 73.920448
748.435730	 399.851044	 -2.768047	 730.249268	 414.323090	 -5.001338	 379.986084	 355.264038	 86.010910	 381.816193	 315.078491	 87.113770	 380.892944	 335.143097	 73.918961
748.439087	 399.854584	 -2.766557	 730.244507	 414.327972	 -4.993859	 379.986694	 355.261932	 86.010498	 381.816742	 315.077850	 87.114548	 380.891815	 335.142853	 73.917580
748.442566	 399.866486	 -2.765735	 730.242065	 414.337433	 -4.992265	 379.982788	 355.262543	 86.010010	 381.814331	 315.077698	 87.114960	 380.889008	 335.141266	 73.923790
748.435303	 399.885681	 -2.762513	 730.241882	 414.341888	 -4.990281	 379.977783	 355.263702	 86.014694	 381.811188	 315.078735	 87.120285	 380.887207	 335.143799	 73.923279
748.433899	 399.896362	 -2.760180	 730.243286	 414.340546	 -4.984673	 379.978790	 355.260223	 86.016846	 381.809387	 315.076996	 87.125626	 380.888763	 335.142212	 73.923111
748.433105	 399.903717	 -2.761336	 730.244629	 414.344666	 -4.979695	 379.983612	 355.262787	 86.013687	 381.812012	 315.080231	 87.123222	 380.891235	 335.143005	 73.925224
748.427124	 399.906006	 -2.763889	 730.245972	 414.343811	 -4.981421	 379.990204	 355.265106	 86.011230	 381.817505	 315.080292	 87.123352	 380.894409	 335.143402	 73.925140
748.419678	 399.902252	 -2.772456	 730.239075	 414.340820	 -4.987334	 379.991119	 355.263123	 86.010963	 381.818237	 315.077637	 87.126396	 380.894592	 335.140350	 73.929977
748.404480	 399.900116	 -2.776316	 730.232239	 414.343262	 -4.997310	 379.990814	 355.263336	 86.008698	 381.818451	 315.079315	 87.126244	 380.894348	 335.141541	 73.928894
748.393127	 399.902893	 -2.776153	 730.225952	 414.343964	 -5.009821	 379.994385	 355.261749	 86.007683	 381.820435	 315.079437	 87.122108	 380.898987	 335.144196	 73.925690
748.384644	 399.904999	 -2.774641	 730.217712	 414.344971	 -5.016235	 379.995270	 355.263641	 86.008003	 381.820068	 315.079071	 87.126312	 380.901093	 335.143707	 73.922234
748.375366	 399.910217	 -2.772842	 730.212952	 414.347168	 -5.025116	 379.995636	 355.267151	 86.010513	 381.820099	 315.081146	 87.129761	 380.899719	 335.144806	 73.922844
748.371643	 399.914246	 -2.776559	 730.206726	 414.345093	 -5.031276	 379.995941	 355.263855	 86.014130	 381.822754	 315.080933	 87.123528	 380.899292	 335.142273	 73.926537
748.372986	 399.914276	 -2.783422	 730.203613	 414.347534	 -5.036614	 379.996185	 355.263275	 86.011879	 381.822388	 315.079742	 87.121338	 380.901947	 335.141968	 73.920174
748.370728	 399.911469	 -2.783185	 730.202698	 414.349670	 -5.035978	 379.995483	 355.263336	 86.012642	 381.821350	 315.079773	 87.121414	 380.901123	 335.143097	 73.919182
748.374695	 399.901428	 -2.785665	 730.205688	 414.350372	 -5.031957	 379.994629	 355.262421	 86.009277	 381.820282	 315.078552	 87.118050	 380.899628	 335.141357	 73.920952
748.386414	 399.892578	 -2.785001	 730.212463	 414.356934	 -5.028269	 379.994507	 355.265900	 86.003777	 381.819824	 315.080109	 87.117851	 380.899506	 335.142944	 73.922844
748.405640	 399.887299	 -2.788342	 730.220703	 414.363495	 -5.024003	 379.991425	 355.264862	 86.009621	 381.819672	 315.080505	 87.120255	 380.899506	 335.144012	 73.921066
748.428589	 399.875702	 -2.783250	 730.230652	 414.374756	 -5.021774	 379.989929	 355.263824	 86.013184	 381.819733	 315.079620	 87.116463	 380.899963	 335.142975	 73.917007
748.452026	 399.863403	 -2.785181	 730.234253	 414.389038	 -5.011541	 379.989960	 355.265778	 86.008545	 381.820984	 315.081451	 87.108658	 380.897797	 335.142944	 73.914070
748.474792	 399.852295	 -2.782037	 730.242126	 414.401245	 -5.010092	 379.992493	 355.264374	 86.004349	 381.824127	 315.081329	 87.108528	 380.900757	 335.143524	 73.910507
748.498413	 399.842072	 -2.774407	 730.253418	 414.418823	 -5.011758	 379.996155	 355.265656	 86.003464	 381.828522	 315.081177	 87.110062	 380.906158	 335.144592	 73.907944
748.520569	 399.837494	 -2.771413	 730.264893	 414.434265	 -5.005306	 379.994873	 355.267365	 86.006142	 381.830383	 315.082611	 87.107483	 380.905975	 335.146759	 73.907890
748.544006	 399.832855	 -2.771626	 730.274902	 414.441742	 -5.007245	 379.990082	 355.264709	 86.008347	 381.827087	 315.082184	 87.105843	 380.902039	 335.144928	 73.911583
748.560425	 399.825470	 -2.771424	 730.275757	 414.449799	 -5.003871	 379.986847	 355.264893	 86.005806	 381.819733	 315.083862	 87.105537	 380.896637	 335.143127	 73.915794
748.566711	 399.820862	 -2.763729	 730.276062	 414.456940	 -5.004462	 379.982269	 355.270172	 86.004448	 381.807831	 315.087891	 87.105606	 380.889984	 335.150726	 73.906380
748.573486	 399.815186	 -2.756185	 730.279419	 414.461639	 -5.007569	 379.958069	 355.286133	 86.000977	 381.754608	 315.101563	 87.108971	 380.851105	 335.167358	 73.905258
748.585449	 399.815979	 -2.760418	 730.282532	 414.469147	 -5.006550	 379.911682	 355.320862	 85.997658	 381.651001	 315.133331	 87.117020	 380.777496	 335.199280	 73.903191
748.591431	 399.815704	 -2.755302	 730.287781	 414.471100	 -5.003510	 379.862671	 355.361969	 85.999336	 381.538116	 315.170929	 87.116966	 380.690521	 335.236786	 73.905853
748.592102	 399.813354	 -2.746086	 730.290527	 414.474060	 -5.004416	 379.809662	 355.392639	 86.004799	 381.425018	 315.198120	 87.114189	 380.607635	 335.266846	 73.907158
748.594116	 399.816010	 -2.748526	 730.286743	 414.481445	 -5.008955	 379.777161	 355.403748	 86.005890	 381.346466	 315.205658	 87.116417	 380.557281	 335.279663	 73.900253
748.594238	 399.814514	 -2.749038	 730.281189	 414.483582	 -5.014500	 379.790588	 355.397827	 86.005539	 381.344086	 315.201019	 87.120567	 380.556946	 335.274933	 73.904640
748.598572	 399.808746	 -2.745481	 730.279175	 414.490540	 -5.018644	 379.818512	 355.396729	 86.007195	 381.370300	 315.200165	 87.121933	 380.580688	 335.271942	 73.907555
748.606018	 399.809479	 -2.749496	 730.285767	 414.497742	 -5.014471	 379.840027	 355.399323	 86.010399	 381.388489	 315.202637	 87.125725	 380.600006	 335.273773	 73.912727
748.619019	 399.806915	 -2.754898	 730.297607	 414.500854	 -5.011428	 379.872742	 355.395935	 86.017685	 381.418213	 315.199463	 87.135162	 380.631104	 335.270050	 73.919708
748.629028	 399.805023	 -2.755666	 730.306885	 414.508514	 -5.016552	 379.920929	 355.390503	 86.028687	 381.459656	 315.191681	 87.141182	 380.673401	 335.262573	 73.930832
748.633545	 399.805023	 -2.757516	 730.307617	 414.510834	 -5.016289	 379.987183	 355.362976	 86.038269	 381.521240	 315.165955	 87.149902	 380.734894	 335.238586	 73.942207
748.634583	 399.803833	 -2.752700	 730.307617	 414.514587	 -5.021861	 380.071442	 355.310364	 86.037529	 381.600922	 315.114166	 87.156441	 380.815338	 335.185638	 73.945854
748.635254	 399.807373	 -2.749097	 730.304504	 414.521820	 -5.024439	 380.163605	 355.241852	 86.041649	 381.683777	 315.044189	 87.156525	 380.898834	 335.111633	 73.952835
748.639893	 399.811157	 -2.750967	 730.306763	 414.523224	 -5.024637	 380.263123	 355.154297	 86.049492	 381.769287	 314.952637	 87.157509	 380.991638	 335.022919	 73.954193
748.648804	 399.815308	 -2.751012	 730.312805	 414.528870	 -5.029879	 380.363525	 355.060394	 86.044762	 381.850464	 314.855652	 87.154747	 381.083984	 334.929016	 73.946991
748.648071	 399.821472	 -2.747265	 730.314514	 414.532898	 -5.028341	 380.463562	 354.967316	 86.045670	 381.929169	 314.764587	 87.149010	 381.174744	 334.838287	 73.944641
748.649902	 399.825226	 -2.744433	 730.315308	 414.535156	 -5.023442	 380.588745	 354.863556	 86.053719	 382.033203	 314.662292	 87.155029	 381.288300	 334.734650	 73.949799
748.656128	 399.831970	 -2.740857	 730.315308	 414.542206	 -5.023451	 380.752472	 354.738403	 86.050201	 382.176544	 314.534058	 87.157272	 381.440308	 334.604523	 73.957367
748.659668	 399.837921	 -2.740319	 730.320984	 414.544739	 -5.024759	 380.964081	 354.578888	 86.050171	 382.361359	 314.372833	 87.157196	 381.636719	 334.448730	 73.957382
748.659180	 399.837433	 -2.742593	 730.318176	 414.545471	 -5.021760	 381.213531	 354.410309	 86.060463	 382.566284	 314.204041	 87.161224	 381.869476	 334.280853	 73.952087
748.658630	 399.838470	 -2.743320	 730.315674	 414.550049	 -5.024398	 381.489807	 354.263489	 86.052742	 382.780609	 314.056427	 87.152077	 382.113007	 334.130493	 73.952843
748.657654	 399.839813	 -2.742380	 730.314514	 414.552338	 -5.029012	 381.761383	 354.130524	 86.052162	 382.980286	 313.922180	 87.151360	 382.344238	 333.999786	 73.955490
748.656982	 399.840210	 -2.746877	 730.312805	 414.558075	 -5.036870	 382.002960	 354.007965	 86.060936	 383.144165	 313.796356	 87.159828	 382.551971	 333.875732	 73.957573
748.653503	 399.844330	 -2.746622	 730.311462	 414.561493	 -5.043664	 382.247528	 353.882904	 86.047516	 383.315216	 313.668518	 87.152275	 382.760773	 333.746277	 73.956909
748.647583	 399.843231	 -2.737889	 730.313293	 414.564484	 -5.047993	 382.530640	 353.730621	 86.051369	 383.527100	 313.516144	 87.164215	 383.001495	 333.595154	 73.973404
748.653259	 399.845886	 -2.744739	 730.316711	 414.570740	 -5.054627	 382.884766	 353.567535	 86.056847	 383.791443	 313.350372	 87.178925	 383.307800	 333.431152	 73.978195
748.650574	 399.849762	 -2.742548	 730.312012	 414.574677	 -5.054778	 383.308044	 353.409088	 86.062225	 384.094147	 313.190186	 87.172798	 383.670105	 333.270905	 73.979637
748.644653	 399.848389	 -2.734072	 730.308289	 414.577515	 -5.057181	 383.791046	 353.270081	 86.063126	 384.408264	 313.046631	 87.181259	 384.074463	 333.131439	 73.981758
748.642090	 399.852722	 -2.734578	 730.309082	 414.581085	 -5.060410	 384.329468	 353.166016	 86.055771	 384.742676	 312.939148	 87.175156	 384.510254	 333.025909	 73.972427
748.644714	 399.860931	 -2.740720	 730.310364	 414.578796	 -5.059236	 384.902802	 353.072968	 86.060455	 385.094971	 312.849518	 87.175415	 384.974548	 332.932892	 73.975479
748.644592	 399.862183	 -2.739913	 730.313477	 414.579254	 -5.059774	 385.500458	 352.973419	 86.049820	 385.456116	 312.746002	 87.181770	 385.457123	 332.831055	 73.968422
748.644653	 399.866241	 -2.739674	 730.316345	 414.583710	 -5.063912	 386.089233	 352.870422	 86.054985	 385.813660	 312.643707	 87.186501	 385.933167	 332.727386	 73.964737
748.648987	 399.868561	 -2.746893	 730.310669	 414.583527	 -5.059080	 386.645508	 352.776123	 86.058624	 386.148315	 312.557526	 87.186211	 386.379059	 332.637054	 73.969559
748.646057	 399.862030	 -2.738428	 730.306885	 414.586365	 -5.055131	 387.126404	 352.711487	 86.053886	 386.440033	 312.492950	 87.169144	 386.762817	 332.571564	 73.971870
748.651733	 399.861664	 -2.734907	 730.306702	 414.588593	 -5.060401	 387.498230	 352.661285	 86.051781	 386.661926	 312.445557	 87.176743	 387.066559	 332.524414	 73.954216
748.661560	 399.860962	 -2.739631	 730.304871	 414.589203	 -5.066366	 387.715729	 352.605560	 86.049042	 386.801788	 312.394318	 87.193115	 387.244019	 332.472595	 73.968987
748.665710	 399.856293	 -2.734409	 730.301575	 414.594299	 -5.071749	 387.743988	 352.578278	 86.045639	 386.822754	 312.365967	 87.187653	 387.272308	 332.442383	 73.969109
748.670288	 399.858948	 -2.730539	 730.296814	 414.598846	 -5.071977	 387.740723	 352.578094	 86.042763	 386.819397	 312.365540	 87.186325	 387.264435	 332.442383	 73.965141
748.673340	 399.860199	 -2.731253	 730.296021	 414.601105	 -5.076852	 387.761658	 352.576691	 86.048218	 386.845093	 312.363525	 87.191795	 387.288391	 332.440033	 73.975136
748.676514	 399.863373	 -2.730222	 730.288879	 414.602081	 -5.074071	 387.751526	 352.577332	 86.046310	 386.835876	 312.365051	 87.186142	 387.280365	 332.444000	 73.961159
748.677490	 399.868835	 -2.728219	 730.287048	 414.601501	 -5.073691	 387.729004	 352.579620	 86.034851	 386.810455	 312.368683	 87.177666	 387.258331	 332.445282	 73.954132
748.683899	 399.873322	 -2.725070	 730.287231	 414.605499	 -5.071113	 387.698029	 352.585449	 86.020691	 386.777130	 312.373932	 87.168106	 387.230865	 332.448273	 73.941399
748.689941	 399.883301	 -2.721457	 730.285339	 414.611145	 -5.060533	 387.666779	 352.593628	 86.016441	 386.748901	 312.383209	 87.157219	 387.206116	 332.459473	 73.924301
748.693054	 399.887238	 -2.720406	 730.286316	 414.612457	 -5.052672	 387.645203	 352.599060	 86.011925	 386.723938	 312.390381	 87.148972	 387.181519	 332.465637	 73.921104
748.688599	 399.883270	 -2.710190	 730.282288	 414.615326	 -5.045671	 387.622162	 352.614655	 86.000374	 386.694000	 312.402618	 87.146645	 387.155243	 332.478790	 73.917198
748.681580	 399.885986	 -2.706912	 730.278809	 414.618256	 -5.048917	 387.593353	 352.648010	 85.995377	 386.657623	 312.434540	 87.136383	 387.125397	 332.513672	 73.908493
748.676880	 399.886810	 -2.709814	 730.275024	 414.619598	 -5.057111	 387.559784	 352.701019	 85.997757	 386.609192	 312.488464	 87.124458	 387.085266	 332.565155	 73.907280
748.668945	 399.883942	 -2.706866	 730.264587	 414.626587	 -5.062785	 387.524536	 352.776855	 86.001328	 386.555878	 312.563446	 87.122131	 387.042419	 332.637238	 73.906303
748.664734	 399.883423	 -2.710193	 730.259338	 414.632935	 -5.067347	 387.493561	 352.858917	 86.000923	 386.505798	 312.646027	 87.122284	 387.003174	 332.720917	 73.906960
748.663452	 399.881409	 -2.705427	 730.260559	 414.637177	 -5.068663	 387.469757	 352.935272	 85.993195	 386.463531	 312.722656	 87.129364	 386.967377	 332.795319	 73.919220
748.664246	 399.884857	 -2.705441	 730.264954	 414.642120	 -5.072769	 387.456757	 353.003204	 85.989632	 386.440369	 312.790863	 87.135498	 386.948029	 332.862183	 73.918236
748.668640	 399.889008	 -2.704759	 730.271545	 414.642883	 -5.078405	 387.460052	 353.051514	 85.993927	 386.440216	 312.840424	 87.139641	 386.950775	 332.915009	 73.916695
748.677002	 399.894348	 -2.705318	 730.274414	 414.647369	 -5.079016	 387.470459	 353.081787	 85.993568	 386.447754	 312.870667	 87.140724	 386.960815	 332.945374	 73.918625
748.683655	 399.901215	 -2.703393	 730.273987	 414.651855	 -5.078469	 387.476807	 353.096497	 85.990921	 386.452667	 312.887115	 87.138397	 386.968445	 332.961670	 73.909134
748.690125	 399.901642	 -2.697334	 730.277161	 414.652893	 -5.080680	 387.478119	 353.099060	 85.992470	 386.457001	 312.890747	 87.134705	 386.974365	 332.965973	 73.900360
748.702393	 399.904572	 -2.697173	 730.281677	 414.660278	 -5.087563	 387.475922	 353.105835	 85.992805	 386.454620	 312.893616	 87.135277	 386.970978	 332.969330	 73.902512
748.706360	 399.909668	 -2.690624	 730.280823	 414.661377	 -5.082397	 387.467499	 353.112518	 85.989487	 386.441833	 312.901031	 87.136322	 386.961365	 332.976135	 73.897980
748.706787	 399.909973	 -2.686089	 730.276184	 414.658905	 -5.083214	 387.447876	 353.126617	 85.981682	 386.420013	 312.915192	 87.126930	 386.943024	 332.991028	 73.891624
748.707947	 399.913116	 -2.688136	 730.271118	 414.665070	 -5.093078	 387.418304	 353.162750	 85.975250	 386.385071	 312.950989	 87.118507	 386.913330	 333.027222	 73.878532
748.704529	 399.916565	 -2.691347	 730.264893	 414.666382	 -5.099587	 387.389191	 353.210236	 85.974358	 386.349609	 312.999451	 87.108635	 386.876678	 333.073639	 73.883888
748.702454	 399.917145	 -2.695618	 730.255920	 414.671509	 -5.109223	 387.363403	 353.262817	 85.973343	 386.322083	 313.050568	 87.097298	 386.850555	 333.123260	 73.886330
748.699158	 399.922180	 -2.699404	 730.249634	 414.680725	 -5.121395	 387.353241	 353.311371	 85.976578	 386.310028	 313.098663	 87.100830	 386.840210	 333.172852	 73.884346
748.694702	 399.925629	 -2.689957	 730.241089	 414.687225	 -5.129389	 387.362061	 353.349823	 85.975800	 386.320099	 313.135498	 87.104759	 386.846527	 333.209778	 73.889236
748.695496	 399.927307	 -2.693521	 730.235474	 414.698914	 -5.139192	 387.368958	 353.386932	 85.976570	 386.330139	 313.171844	 87.106728	 386.856232	 333.245056	 73.887367
748.693909	 399.928192	 -2.695880	 730.234314	 414.706268	 -5.149174	 387.372375	 353.427765	 85.979027	 386.335571	 313.213531	 87.108734	 386.861786	 333.289307	 73.884277
748.698853	 399.926178	 -2.697032	 730.233643	 414.710083	 -5.157594	 387.369812	 353.478394	 85.976959	 386.336029	 313.263855	 87.113701	 386.859772	 333.339600	 73.892616
748.702637	 399.927856	 -2.701246	 730.237854	 414.715759	 -5.166542	 387.364288	 353.551605	 85.975441	 386.329651	 313.338959	 87.116821	 386.849274	 333.411041	 73.904526
748.705017	 399.929047	 -2.701963	 730.243652	 414.717346	 -5.167661	 387.359253	 353.650330	 85.969147	 386.320740	 313.441437	 87.117409	 386.842957	 333.513763	 73.900055
748.704651	 399.927399	 -2.698833	 730.247559	 414.716095	 -5.168645	 387.344910	 353.770233	 85.961601	 386.307281	 313.559204	 87.111900	 386.833862	 333.634094	 73.885010
748.706482	 399.930664	 -2.703648	 730.245728	 414.715149	 -5.169517	 387.319794	 353.888580	 85.955322	 386.290161	 313.677490	 87.091805	 386.813232	 333.751251	 73.880463
748.704895	 399.932800	 -2.705938	 730.242615	 414.712891	 -5.170335	 387.291321	 353.985779	 85.958183	 386.270172	 313.775818	 87.085884	 386.790253	 333.848145	 73.878891
748.695923	 399.933441	 -2.701108	 730.239014	 414.712646	 -5.173407	 387.260773	 354.066010	 85.966675	 386.245514	 313.853912	 87.090637	 386.760284	 333.925446	 73.886391
748.685059	 399.936920	 -2.704099	 730.230591	 414.709198	 -5.172209	 387.234680	 354.134216	 85.963066	 386.218842	 313.922729	 87.094994	 386.728394	 333.992798	 73.897148
748.672791	 399.934570	 -2.705657	 730.218872	 414.701385	 -5.170575	 387.212585	 354.193878	 85.958038	 386.198486	 313.983612	 87.100868	 386.710358	 334.053802	 73.895790
748.656494	 399.928589	 -2.708787	 730.205444	 414.696930	 -5.172972	 387.198517	 354.254028	 85.956169	 386.189148	 314.043396	 87.108284	 386.701691	 334.115936	 73.892418
748.645996	 399.927277	 -2.717933	 730.196838	 414.694672	 -5.171616	 387.199554	 354.309174	 85.953812	 386.198822	 314.099121	 87.110161	 386.706360	 334.170837	 73.887566
748.642578	 399.925720	 -2.721817	 730.197876	 414.693451	 -5.176945	 387.205994	 354.351227	 85.957848	 386.223938	 314.142700	 87.102074	 386.721954	 334.213165	 73.887390
