748.781799	 399.523346	 -2.979462	 728.860840	 413.386200	 -5.374960	 386.591614	 355.880188	 85.951210	 385.334198	 315.672180	 87.086945	 385.966217	 335.736481	 73.880142
748.778992	 399.518860	 -2.984496	 728.860901	 413.380585	 -5.377332	 386.593506	 355.882813	 85.948837	 385.333069	 315.673553	 87.087555	 385.971588	 335.737610	 73.871605
748.778442	 399.516296	 -2.984840	 728.866577	 413.373657	 -5.375775	 386.600098	 355.882050	 85.945908	 385.340271	 315.673218	 87.088120	 385.977570	 335.739136	 73.874336
748.782166	 399.513702	 -2.982347	 728.873535	 413.373108	 -5.370726	 386.604462	 355.881012	 85.946877	 385.345245	 315.671204	 87.088921	 385.980011	 335.737305	 73.876984
748.785400	 399.516296	 -2.989055	 728.881409	 413.374207	 -5.365743	 386.609985	 355.882233	 85.948769	 385.348663	 315.673462	 87.088051	 385.982391	 335.737610	 73.877335
748.789856	 399.517883	 -2.997367	 728.889160	 413.372040	 -5.361541	 386.612732	 355.880188	 85.948555	 385.350555	 315.673004	 87.089943	 385.987549	 335.736237	 73.882675
748.782959	 399.514282	 -2.997254	 728.897034	 413.371246	 -5.363863	 386.614807	 355.882355	 85.941399	 385.351898	 315.673248	 87.085884	 385.988861	 335.739929	 73.879509
748.774231	 399.513275	 -2.997738	 728.905640	 413.368469	 -5.361608	 386.614136	 355.882935	 85.943123	 385.352386	 315.675171	 87.085793	 385.984406	 335.741730	 73.879951
748.764221	 399.508179	 -2.998844	 728.912231	 413.364807	 -5.356702	 386.611023	 355.881317	 85.944702	 385.348694	 315.673157	 87.086914	 385.984772	 335.737274	 73.882416
748.757874	 399.507629	 -3.007310	 728.916870	 413.361115	 -5.344932	 386.607300	 355.881866	 85.946198	 385.343231	 315.672791	 87.087891	 385.983215	 335.736786	 73.876251
748.751282	 399.506805	 -3.014138	 728.934509	 413.354828	 -5.327605	 386.605530	 355.879700	 85.945473	 385.341461	 315.671631	 87.089844	 385.980713	 335.738251	 73.870995
748.736755	 399.498352	 -3.009209	 728.963257	 413.350464	 -5.313821	 386.605286	 355.877777	 85.939323	 385.341675	 315.670441	 87.090240	 385.980438	 335.735779	 73.870651
748.729553	 399.494934	 -3.018092	 728.996338	 413.349548	 -5.288194	 386.604767	 355.878723	 85.939072	 385.342316	 315.671936	 87.089294	 385.980560	 335.734833	 73.872940
748.726929	 399.487396	 -3.028915	 729.039429	 413.348663	 -5.256983	 386.605164	 355.877747	 85.941269	 385.342682	 315.669067	 87.087921	 385.980133	 335.734039	 73.873352
748.717773	 399.473419	 -3.034348	 729.088074	 413.352234	 -5.229791	 386.605865	 355.877747	 85.942093	 385.345581	 315.669250	 87.085045	 385.982269	 335.734009	 73.866447
748.706726	 399.459961	 -3.033711	 729.139587	 413.357025	 -5.201755	 386.611023	 355.878967	 85.939041	 385.349121	 315.671692	 87.085808	 385.987122	 335.737518	 73.867294
748.700439	 399.444672	 -3.039398	 729.191101	 413.367188	 -5.169281	 386.616211	 355.878296	 85.937706	 385.349976	 315.669769	 87.091415	 385.989624	 335.736359	 73.870750
748.697693	 399.432922	 -3.050687	 729.236877	 413.379395	 -5.131783	 386.615936	 355.880249	 85.946510	 385.354248	 315.672516	 87.089844	 385.993195	 335.737091	 73.873421
748.696716	 399.423859	 -3.053964	 729.276550	 413.385254	 -5.099925	 386.619110	 355.882233	 85.944305	 385.355530	 315.675354	 87.090805	 385.996887	 335.738708	 73.869766
748.691589	 399.407349	 -3.055739	 729.307739	 413.384705	 -5.072005	 386.622437	 355.882050	 85.937401	 385.354431	 315.672058	 87.089790	 385.996643	 335.737732	 73.868744
748.680603	 399.390167	 -3.059783	 729.330505	 413.383820	 -5.048035	 386.617889	 355.882111	 85.943260	 385.355286	 315.672791	 87.084183	 385.993011	 335.737488	 73.874626
748.661743	 399.372498	 -3.065963	 729.347595	 413.381165	 -5.033483	 386.613037	 355.878540	 85.947136	 385.354218	 315.673279	 87.083946	 385.990814	 335.735626	 73.872299
748.637451	 399.352966	 -3.077371	 729.356323	 413.381439	 -5.026831	 386.610382	 355.877991	 85.946724	 385.349670	 315.671417	 87.083855	 385.983978	 335.733337	 73.874817
748.603943	 399.338898	 -3.082822	 729.353760	 413.378998	 -5.021049	 386.606262	 355.880310	 85.942390	 385.345947	 315.671967	 87.083954	 385.977966	 335.734802	 73.877190
748.575317	 399.328217	 -3.085090	 729.349976	 413.370880	 -5.018580	 386.602386	 355.877747	 85.939507	 385.340668	 315.670197	 87.082428	 385.976685	 335.735260	 73.872574
748.553345	 399.320770	 -3.091491	 729.344055	 413.368408	 -5.016286	 386.597595	 355.878418	 85.938126	 385.334717	 315.670074	 87.081566	 385.970398	 335.732666	 73.873955
748.532715	 399.317505	 -3.091367	 729.339844	 413.367615	 -5.011164	 386.592438	 355.879822	 85.934952	 385.330109	 315.670959	 87.082970	 385.964600	 335.734589	 73.870262
748.527710	 399.313354	 -3.097789	 729.345276	 413.370117	 -5.010704	 386.588165	 355.877228	 85.939827	 385.328186	 315.669495	 87.077995	 385.962677	 335.734436	 73.872932
748.533447	 399.313446	 -3.095165	 729.356323	 413.382690	 -5.002444	 386.585815	 355.876984	 85.943596	 385.328278	 315.670593	 87.076248	 385.962921	 335.734680	 73.872360
748.546936	 399.320251	 -3.086832	 729.379639	 413.397766	 -4.993844	 386.590363	 355.875824	 85.940369	 385.333649	 315.670898	 87.076691	 385.965271	 335.734161	 73.873726
748.573303	 399.329224	 -3.081934	 729.410645	 413.414551	 -4.982025	 386.597870	 355.875580	 85.939377	 385.338074	 315.669006	 87.079529	 385.972992	 335.731964	 73.871895
748.599548	 399.340179	 -3.070981	 729.442383	 413.432678	 -4.969070	 386.604156	 355.877380	 85.938103	 385.341949	 315.670563	 87.080681	 385.979218	 335.734314	 73.869141
748.628723	 399.348236	 -3.068753	 729.470459	 413.443207	 -4.954114	 386.612701	 355.874847	 85.936066	 385.350616	 315.668213	 87.078453	 385.987671	 335.734222	 73.866936
748.645630	 399.351929	 -3.062055	 729.490417	 413.452850	 -4.937414	 386.618500	 355.876221	 85.937996	 385.357269	 315.668121	 87.077423	 385.995239	 335.733704	 73.864548
748.660522	 399.358734	 -3.059956	 729.504822	 413.463287	 -4.924571	 386.619110	 355.878265	 85.937347	 385.357239	 315.670776	 87.079002	 385.995148	 335.737183	 73.871544
748.677795	 399.363190	 -3.064524	 729.519409	 413.470428	 -4.920911	 386.620270	 355.877686	 85.935303	 385.356934	 315.668915	 87.084030	 385.994202	 335.734772	 73.873100
748.680176	 399.364441	 -3.061047	 729.526428	 413.479065	 -4.918031	 386.616608	 355.880219	 85.942436	 385.354004	 315.671631	 87.086525	 385.991821	 335.733093	 73.877754
748.678955	 399.368042	 -3.058733	 729.527466	 413.482910	 -4.912115	 386.612122	 355.879089	 85.945953	 385.350159	 315.672363	 87.087463	 385.986908	 335.735809	 73.881554
748.682922	 399.365723	 -3.065890	 729.528320	 413.482269	 -4.910669	 386.607300	 355.876953	 85.945107	 385.346375	 315.668518	 87.086525	 385.980621	 335.733063	 73.879143
748.675903	 399.359497	 -3.067397	 729.520508	 413.477875	 -4.910453	 386.599335	 355.877228	 85.946243	 385.338867	 315.669342	 87.087173	 385.975159	 335.733307	 73.875175
748.662231	 399.347992	 -3.066139	 729.509888	 413.464294	 -4.913351	 386.592072	 355.872131	 85.949669	 385.332275	 315.665863	 87.089653	 385.967957	 335.730652	 73.881165
748.647949	 399.332245	 -3.079978	 729.491272	 413.447357	 -4.921941	 386.587036	 355.870941	 85.950768	 385.327515	 315.663330	 87.088783	 385.964386	 335.728333	 73.879166
748.623413	 399.316742	 -3.095166	 729.460083	 413.421753	 -4.930067	 386.585632	 355.873810	 85.947044	 385.325775	 315.664459	 87.087036	 385.960999	 335.729797	 73.877579
748.596924	 399.296997	 -3.103581	 729.428528	 413.388031	 -4.941665	 386.585999	 355.870667	 85.946465	 385.325958	 315.662231	 87.089806	 385.960510	 335.725922	 73.877029
748.579895	 399.282959	 -3.115661	 729.397949	 413.354492	 -4.958698	 386.589081	 355.872162	 85.945274	 385.328949	 315.664124	 87.085342	 385.965637	 335.727417	 73.875816
748.565918	 399.276947	 -3.123750	 729.368896	 413.312103	 -4.970576	 386.594086	 355.874023	 85.943481	 385.336639	 315.665863	 87.079330	 385.969604	 335.730621	 73.877220
748.561157	 399.271454	 -3.135667	 729.348206	 413.270111	 -4.977937	 386.600159	 355.872955	 85.941765	 385.339996	 315.665436	 87.083504	 385.976929	 335.728546	 73.874527
748.557678	 399.269623	 -3.144265	 729.332275	 413.238007	 -4.977892	 386.606262	 355.875885	 85.941368	 385.343475	 315.668091	 87.085831	 385.981750	 335.731750	 73.870842
748.547485	 399.258606	 -3.142260	 729.320557	 413.194061	 -4.984401	 386.612457	 355.875641	 85.942184	 385.352051	 315.668152	 87.082878	 385.986755	 335.733368	 73.874680
748.528687	 399.231201	 -3.152777	 729.304260	 413.134735	 -4.999256	 386.618134	 355.875610	 85.943062	 385.357910	 315.667175	 87.079842	 385.991333	 335.730774	 73.875145
748.500305	 399.196655	 -3.176064	 729.269409	 413.060455	 -5.017050	 386.621429	 355.876587	 85.942162	 385.360291	 315.667908	 87.080086	 385.995087	 335.733002	 73.870438
748.453552	 399.147797	 -3.208900	 729.215942	 412.965332	 -5.055842	 386.628540	 355.876251	 85.935425	 385.366760	 315.666809	 87.077995	 386.001709	 335.733612	 73.871582
748.364014	 399.083954	 -3.236791	 729.129517	 412.855927	 -5.110908	 386.630798	 355.877380	 85.938805	 385.369507	 315.667145	 87.079056	 386.006500	 335.733459	 73.870255
748.211243	 399.009949	 -3.240045	 729.015991	 412.743896	 -5.186267	 386.631317	 355.878326	 85.944557	 385.369415	 315.668854	 87.082756	 386.006470	 335.734863	 73.872795
747.990845	 398.886749	 -3.148968	 728.896118	 412.622559	 -5.251867	 386.632385	 355.877411	 85.943207	 385.370026	 315.668030	 87.082672	 386.004883	 335.732605	 73.874466
747.713196	 398.633820	 -2.973976	 728.753357	 412.404297	 -5.290834	 386.631226	 355.879242	 85.937515	 385.365845	 315.668365	 87.084969	 386.002808	 335.732880	 73.871429
747.321045	 398.224945	 -2.806484	 728.464478	 412.035065	 -5.368392	 386.626770	 355.877899	 85.936592	 385.364532	 315.669159	 87.081276	 385.998932	 335.733643	 73.874443
746.725525	 397.631683	 -2.498977	 728.002136	 411.486755	 -5.541115	 386.623596	 355.876160	 85.939529	 385.363098	 315.666962	 87.077736	 385.998322	 335.730560	 73.870789
745.946472	 396.757355	 -1.989636	 727.342285	 410.622467	 -5.698822	 386.624176	 355.878204	 85.939552	 385.359955	 315.668213	 87.085609	 386.000275	 335.733704	 73.863083
744.960205	 395.561371	 -0.998314	 726.340576	 409.336884	 -5.225084	 386.623199	 355.876190	 85.941711	 385.360748	 315.669250	 87.087959	 385.998230	 335.735504	 73.870430
743.727600	 394.130280	 0.817893	 724.966064	 407.712616	 -3.787116	 386.622559	 355.873932	 85.943535	 385.363770	 315.667145	 87.083153	 385.999084	 335.732635	 73.871124
742.264160	 392.501831	 3.442108	 723.313232	 405.824554	 -1.602429	 386.626190	 355.876526	 85.934387	 385.365906	 315.667969	 87.079758	 386.004822	 335.733032	 73.860107
740.608093	 390.704620	 6.674874	 721.397644	 403.741882	 1.120305	 386.629944	 355.875244	 85.931412	 385.368500	 315.666962	 87.080940	 386.007050	 335.733856	 73.860367
738.722839	 388.807556	 10.361996	 719.139954	 401.656097	 4.214092	 386.632416	 355.875397	 85.937347	 385.372711	 315.667572	 87.080742	 386.010773	 335.734528	 73.858437
736.610229	 386.835754	 14.262042	 716.360657	 399.819458	 7.764213	 386.636566	 355.878387	 85.935539	 385.375366	 315.670319	 87.080383	 386.014252	 335.736908	 73.858727
734.319031	 384.578796	 18.304621	 713.241943	 398.212250	 11.679228	 386.637360	 355.877319	 85.934746	 385.374512	 315.668243	 87.082375	 386.014008	 335.735626	 73.866089
731.871399	 381.856934	 22.726864	 710.027710	 396.659332	 15.797247	 386.635162	 355.877991	 85.937584	 385.373138	 315.669739	 87.085068	 386.010345	 335.734955	 73.869720
729.320068	 378.876373	 27.672417	 706.697388	 395.043060	 20.211874	 386.632935	 355.877380	 85.937172	 385.370758	 315.669617	 87.083855	 386.006409	 335.735321	 73.868004
726.712830	 375.701355	 33.176216	 703.219849	 393.316772	 24.987907	 386.629181	 355.875885	 85.934509	 385.365875	 315.666779	 87.080986	 386.002014	 335.733002	 73.870316
724.083801	 372.331696	 39.096558	 699.582092	 391.435822	 30.123062	 386.622437	 355.878204	 85.934387	 385.359253	 315.668823	 87.080345	 385.997742	 335.735016	 73.864815
721.431702	 368.815521	 45.309738	 695.801819	 389.299988	 35.577827	 386.615509	 355.875946	 85.938271	 385.352203	 315.667358	 87.084236	 385.989227	 335.733856	 73.865868
718.737488	 365.203094	 51.692677	 691.883057	 386.849670	 41.260544	 386.610779	 355.875183	 85.938622	 385.347870	 315.665466	 87.084061	 385.981934	 335.730774	 73.871849
715.955994	 361.519653	 58.159798	 687.788818	 384.109222	 47.059490	 386.606567	 355.877716	 85.937416	 385.342468	 315.666260	 87.085182	 385.980133	 335.732727	 73.865364
713.032776	 357.808472	 64.620384	 683.484680	 381.202881	 52.802010	 386.602356	 355.874054	 85.940147	 385.340485	 315.665771	 87.084709	 385.980042	 335.732147	 73.866226
709.890015	 354.165436	 70.977272	 678.866821	 378.290070	 58.393673	 386.602448	 355.874268	 85.942314	 385.344299	 315.667297	 87.079613	 385.979645	 335.733978	 73.867531
706.452209	 350.631989	 77.204285	 673.822510	 375.502991	 63.825474	 386.607513	 355.874542	 85.941261	 385.347046	 315.667542	 87.084618	 385.980591	 335.733185	 73.870628
702.662537	 347.220367	 83.224213	 668.252136	 372.959534	 69.121895	 386.613525	 355.873535	 85.936378	 385.351257	 315.666138	 87.086975	 385.987427	 335.730988	 73.868950
698.422180	 343.989166	 88.917770	 662.122986	 370.744659	 74.199509	 386.616547	 355.875519	 85.936302	 385.355896	 315.667023	 87.083450	 385.992188	 335.734009	 73.867065
693.639404	 340.995148	 94.155708	 655.463684	 368.854340	 78.944496	 386.622559	 355.873138	 85.937408	 385.361725	 315.666656	 87.082825	 385.995544	 335.732666	 73.869537
688.272827	 338.215912	 98.875282	 648.280212	 367.301056	 83.295212	 386.627563	 355.872955	 85.937469	 385.366333	 315.665985	 87.083084	 386.000671	 335.729675	 73.871323
682.312073	 335.633881	 103.029762	 640.608521	 366.091553	 87.183983	 386.627472	 355.875458	 85.940422	 385.366272	 315.667023	 87.083008	 386.003784	 335.733276	 73.869255
675.756470	 333.259460	 106.582298	 632.484253	 365.210907	 90.591927	 386.629486	 355.874237	 85.940132	 385.367676	 315.666870	 87.084030	 386.003082	 335.732544	 73.872101
668.632568	 331.074280	 109.534630	 623.919556	 364.687134	 93.571548	 386.625946	 355.875092	 85.940781	 385.364716	 315.668701	 87.085732	 386.000427	 335.732605	 73.874069
661.030396	 329.031433	 111.945076	 614.958252	 364.514679	 96.178741	 386.621094	 355.877167	 85.940018	 385.359375	 315.668396	 87.083389	 385.996399	 335.734924	 73.871513
653.052856	 327.117310	 113.895149	 605.671692	 364.688599	 98.418625	 386.619110	 355.876251	 85.936005	 385.355652	 315.665375	 87.082481	 385.994293	 335.733215	 73.869957
644.758911	 325.356842	 115.458511	 596.128418	 365.245483	 100.294968	 386.611786	 355.875793	 85.940010	 385.349396	 315.667175	 87.087242	 385.988678	 335.734680	 73.869522
636.160828	 323.765961	 116.681259	 586.433960	 366.200012	 101.742722	 386.609497	 355.874969	 85.938843	 385.347137	 315.666412	 87.087479	 385.985138	 335.734497	 73.871155
627.284424	 322.356934	 117.526123	 576.682495	 367.516327	 102.668709	 386.607880	 355.873566	 85.939514	 385.347565	 315.665283	 87.081390	 385.984772	 335.732452	 73.870468
618.192017	 321.116425	 117.932678	 566.960388	 369.108276	 103.005920	 386.606201	 355.874359	 85.943810	 385.345367	 315.666321	 87.079086	 385.980408	 335.733124	 73.872040
608.973145	 319.980743	 117.858299	 557.347717	 370.891968	 102.763435	 386.607452	 355.872650	 85.942764	 385.344452	 315.663696	 87.084114	 385.979309	 335.730194	 73.872932
599.714294	 318.941467	 117.336288	 547.873901	 372.862579	 102.024712	 386.605377	 355.873199	 85.943733	 385.345612	 315.663696	 87.085045	 385.980682	 335.728729	 73.879387
590.447449	 318.027100	 116.445549	 538.624023	 375.036407	 100.881783	 386.609009	 355.875732	 85.942055	 385.347656	 315.665985	 87.082977	 385.984100	 335.732147	 73.874527
581.221252	 317.237793	 115.192627	 529.699524	 377.391205	 99.413589	 386.611420	 355.872833	 85.942627	 385.350220	 315.664825	 87.083786	 385.986389	 335.730286	 73.870079
572.134827	 316.503723	 113.601837	 521.199280	 379.880707	 97.690048	 386.611176	 355.874603	 85.945236	 385.349701	 315.666016	 87.087242	 385.987183	 335.732727	 73.866966
563.302612	 315.735992	 111.662941	 513.210327	 382.426849	 95.823471	 386.613281	 355.876526	 85.945099	 385.350677	 315.667328	 87.090332	 385.988159	 335.733887	 73.868835
554.809387	 314.882813	 109.330467	 505.770996	 384.889435	 93.996750	 386.613403	 355.875183	 85.946175	 385.350555	 315.667206	 87.091476	 385.987946	 335.731079	 73.873566
546.700256	 313.951202	 106.666512	 498.849304	 387.090698	 92.442253	 386.611389	 355.875793	 85.947762	 385.349426	 315.668396	 87.085838	 385.987579	 335.733185	 73.871498
538.983704	 313.019897	 103.810966	 492.397308	 388.926849	 91.222534	 386.611938	 355.876251	 85.942406	 385.346893	 315.666534	 87.086609	 385.982880	 335.731354	 73.878990
531.713440	 312.097443	 100.911095	 486.370758	 390.419373	 90.266991	 386.609802	 355.875458	 85.942001	 385.348053	 315.665527	 87.087166	 385.983795	 335.732513	 73.876205
524.930054	 311.178192	 98.165169	 480.759399	 391.631775	 89.432251	 386.608246	 355.875031	 85.949730	 385.347595	 315.666473	 87.089409	 385.984161	 335.735565	 73.872375
518.642761	 310.260193	 95.725319	 475.574799	 392.616058	 88.497375	 386.611328	 355.873108	 85.947334	 385.347076	 315.665253	 87.091133	 385.984222	 335.731750	 73.873474
512.830322	 309.367096	 93.606461	 470.820007	 393.434082	 87.305511	 386.612762	 355.874969	 85.946732	 385.350159	 315.666260	 87.085991	 385.986603	 335.730652	 73.874168
507.428101	 308.504761	 91.820053	 466.482483	 394.114624	 85.828331	 386.613800	 355.876038	 85.945496	 385.351288	 315.668243	 87.088699	 385.988220	 335.733337	 73.875206
502.374512	 307.651611	 90.290871	 462.510986	 394.645508	 84.150124	 386.615692	 355.873505	 85.942780	 385.353058	 315.666107	 87.092430	 385.989807	 335.731415	 73.878433
497.643585	 306.767273	 88.834900	 458.814209	 395.005005	 82.402977	 386.617035	 355.875427	 85.947113	 385.356445	 315.666016	 87.091721	 385.990997	 335.732239	 73.883438
493.222351	 305.790192	 87.294083	 455.347137	 395.183990	 80.675011	 386.621063	 355.874786	 85.950531	 385.361603	 315.665894	 87.089081	 385.997986	 335.732880	 73.876396
489.100128	 304.731842	 85.637383	 452.069061	 395.191650	 79.011833	 386.626221	 355.873322	 85.948631	 385.367310	 315.664856	 87.085632	 386.006104	 335.731293	 73.870079
485.252136	 303.637421	 83.986969	 448.942322	 395.023621	 77.438194	 386.630157	 355.874847	 85.945465	 385.368683	 315.667511	 87.086960	 386.006073	 335.732666	 73.874367
481.664825	 302.554169	 82.430717	 445.982452	 394.722015	 75.934303	 386.632874	 355.874725	 85.945099	 385.369995	 315.667084	 87.090767	 386.008240	 335.731537	 73.873901
478.309906	 301.506836	 81.039551	 443.215454	 394.368317	 74.434448	 386.632660	 355.875916	 85.941711	 385.373230	 315.666504	 87.085434	 386.013184	 335.732147	 73.868279
475.156738	 300.503174	 79.771568	 440.624268	 393.960083	 72.908897	 386.631165	 355.877777	 85.942238	 385.372192	 315.668732	 87.082199	 386.008026	 335.733765	 73.872345
472.207764	 299.566589	 78.496498	 438.080597	 393.353912	 71.487640	 386.628998	 355.874634	 85.946602	 385.371216	 315.667358	 87.082848	 386.006439	 335.732880	 73.873146
469.425110	 298.791107	 77.262398	 435.475250	 392.432617	 70.267647	 386.626404	 355.876465	 85.942650	 385.367889	 315.668579	 87.082756	 386.003357	 335.732697	 73.875053
466.804565	 298.164124	 76.303871	 432.893951	 391.333374	 69.151184	 386.622894	 355.877838	 85.938347	 385.361664	 315.668671	 87.086739	 385.995697	 335.733673	 73.880447
464.337860	 297.662018	 75.743492	 430.478577	 390.299255	 67.960991	 386.618256	 355.873596	 85.941956	 385.359436	 315.664276	 87.087448	 385.992523	 335.729797	 73.878593
461.984436	 297.352692	 75.511459	 428.306519	 389.469299	 66.581573	 386.613068	 355.872498	 85.945526	 385.354828	 315.664886	 87.084061	 385.990631	 335.732056	 73.871841
459.728638	 297.193542	 75.465958	 426.383911	 388.898438	 65.057549	 386.612885	 355.872223	 85.943405	 385.350830	 315.665741	 87.087006	 385.990601	 335.733276	 73.868317
457.586273	 297.090149	 75.409416	 424.673035	 388.610138	 63.508614	 386.610107	 355.872345	 85.948891	 385.350555	 315.665405	 87.091446	 385.989777	 335.729218	 73.871819
455.550110	 297.028442	 75.329437	 423.112885	 388.526459	 62.075977	 386.606995	 355.873993	 85.951057	 385.349548	 315.667908	 87.089561	 385.988007	 335.731445	 73.874954
453.621185	 296.969574	 75.295326	 421.655762	 388.521088	 60.877640	 386.611359	 355.872314	 85.946884	 385.353088	 315.667023	 87.085709	 385.992462	 335.732880	 73.872383
451.811890	 296.882599	 75.267136	 420.282501	 388.545837	 59.983372	 386.615112	 355.874481	 85.943382	 385.352448	 315.666046	 87.090508	 385.988800	 335.732178	 73.879860
450.132263	 296.747162	 75.245026	 419.012695	 388.565735	 59.415691	 386.616028	 355.875122	 85.944466	 385.354309	 315.667999	 87.089294	 385.989166	 335.732025	 73.877983
448.584167	 296.544098	 75.302620	 417.854370	 388.576935	 59.167030	 386.616333	 355.872772	 85.942581	 385.355682	 315.666748	 87.091469	 385.994202	 335.730927	 73.872078
447.134674	 296.311584	 75.409714	 416.827484	 388.618530	 59.186722	 386.616333	 355.875122	 85.941551	 385.354797	 315.667847	 87.091904	 385.994446	 335.735107	 73.870354
445.776672	 296.075073	 75.520782	 415.957214	 388.683685	 59.349998	 386.620361	 355.875275	 85.945175	 385.357819	 315.668213	 87.090485	 385.994141	 335.735199	 73.875252
444.518555	 295.805756	 75.681984	 415.222443	 388.688171	 59.551987	 386.621063	 355.875946	 85.944870	 385.358490	 315.665710	 87.091446	 385.993469	 335.730652	 73.877602
443.347565	 295.496521	 75.865257	 414.583221	 388.548615	 59.700592	 386.617981	 355.877075	 85.943924	 385.358002	 315.667450	 87.089088	 385.994446	 335.731934	 73.870033
442.233307	 295.138336	 76.014030	 414.001038	 388.316437	 59.779217	 386.616516	 355.873840	 85.947098	 385.358948	 315.666656	 87.084305	 385.996155	 335.733154	 73.867668
441.162140	 294.721100	 76.100121	 413.451263	 388.038574	 59.776314	 386.617371	 355.874756	 85.945671	 385.359558	 315.667084	 87.084534	 385.993805	 335.733765	 73.879036
440.139404	 294.249664	 76.062134	 412.914185	 387.686127	 59.678226	 386.618927	 355.876587	 85.942413	 385.359253	 315.669250	 87.086281	 385.993744	 335.737335	 73.879662
439.146912	 293.723877	 75.860580	 412.357056	 387.264526	 59.535595	 386.621155	 355.875854	 85.941589	 385.359894	 315.668579	 87.090645	 385.994598	 335.734558	 73.876144
438.191742	 293.143433	 75.568954	 411.744080	 386.806122	 59.449841	 386.619385	 355.877686	 85.940773	 385.358368	 315.669006	 87.089676	 385.992462	 335.735016	 73.875473
437.275574	 292.536896	 75.249123	 411.075500	 386.268616	 59.442924	 386.616852	 355.876404	 85.943520	 385.356781	 315.667999	 87.084038	 385.993591	 335.736725	 73.870819
436.388794	 291.964996	 74.892693	 410.375671	 385.579773	 59.440159	 386.614807	 355.874786	 85.945648	 385.355743	 315.666229	 87.085289	 385.991943	 335.733429	 73.873634
435.528168	 291.480530	 74.584427	 409.674042	 384.771759	 59.362797	 386.614166	 355.876526	 85.941460	 385.353394	 315.668152	 87.086823	 385.989990	 335.735718	 73.874603
434.677795	 291.107239	 74.294769	 409.055939	 384.029449	 59.138264	 386.613922	 355.875275	 85.943695	 385.353912	 315.669037	 87.082733	 385.988708	 335.734894	 73.873772
433.814331	 290.875488	 73.902260	 408.561737	 383.434540	 58.712246	 386.611603	 355.874542	 85.947136	 385.351593	 315.666962	 87.082802	 385.986725	 335.731873	 73.872009
432.913483	 290.818207	 73.405899	 408.150635	 382.942505	 58.105583	 386.608093	 355.875305	 85.943176	 385.347595	 315.666351	 87.085342	 385.983917	 335.733215	 73.870735
431.986053	 290.919403	 72.848427	 407.830963	 382.665558	 57.411278	 386.605225	 355.872864	 85.945877	 385.345886	 315.665161	 87.085678	 385.984070	 335.731445	 73.868637
431.053436	 291.129913	 72.263763	 407.626648	 382.649872	 56.742661	 386.605804	 355.873260	 85.944077	 385.344910	 315.664734	 87.086067	 385.981354	 335.730408	 73.868828
430.134460	 291.416748	 71.659775	 407.474182	 382.738770	 56.164455	 386.604095	 355.874847	 85.943443	 385.344818	 315.666687	 87.084862	 385.975342	 335.732483	 73.877174
429.225891	 291.762970	 70.962990	 407.315552	 382.858368	 55.655315	 386.600189	 355.873566	 85.948570	 385.343872	 315.666260	 87.087357	 385.978180	 335.732513	 73.876717
428.327942	 292.131592	 70.182045	 407.155090	 383.013885	 55.158848	 386.598450	 355.876617	 85.944481	 385.342896	 315.669159	 87.085258	 385.979919	 335.734711	 73.872299
427.464447	 292.461517	 69.377510	 407.015045	 383.174988	 54.588184	 386.596985	 355.877930	 85.941269	 385.341888	 315.671814	 87.081223	 385.977051	 335.738556	 73.872459
426.660278	 292.705994	 68.641167	 406.864258	 383.319794	 54.023067	 386.592651	 355.878448	 85.938065	 385.334503	 315.672150	 87.082146	 385.972748	 335.737335	 73.870743
425.918793	 292.856171	 67.984253	 406.694519	 383.417603	 53.542870	 386.582977	 355.883270	 85.933174	 385.322601	 315.676727	 87.076637	 385.960236	 335.739685	 73.868805
425.229797	 292.936035	 67.382278	 406.504791	 383.363037	 53.119286	 386.576233	 355.885529	 85.929993	 385.312531	 315.678314	 87.072639	 385.951660	 335.742188	 73.869614
424.578979	 293.022461	 66.979576	 406.266785	 383.094208	 52.791378	 386.531219	 355.891357	 85.920570	 385.268829	 315.681671	 87.062096	 385.915344	 335.747009	 73.857727
423.965118	 293.156982	 66.786980	 406.029449	 382.516907	 52.557941	 386.411560	 355.903198	 85.907295	 385.154419	 315.695892	 87.043579	 385.811859	 335.760559	 73.827942
423.398438	 293.201172	 66.491180	 405.806000	 381.652039	 52.431908	 386.375336	 355.918091	 85.913109	 385.131104	 315.712799	 87.050529	 385.771027	 335.775421	 73.830467
422.834137	 293.188812	 66.081841	 405.561707	 380.606842	 52.375957	 386.405731	 355.928650	 85.922478	 385.178986	 315.721222	 87.065834	 385.807983	 335.786407	 73.848213
422.279449	 293.221344	 65.716064	 405.318542	 379.366516	 52.336651	 386.414032	 355.928955	 85.922867	 385.180786	 315.721222	 87.067383	 385.808380	 335.788422	 73.851707
421.743225	 293.312164	 65.338371	 405.163666	 378.023590	 52.316559	 386.424591	 355.925354	 85.923775	 385.192902	 315.718933	 87.068039	 385.819733	 335.784973	 73.853279
421.228760	 293.527008	 65.034981	 405.176270	 376.654297	 52.276222	 386.421692	 355.925873	 85.929001	 385.193207	 315.720337	 87.067200	 385.817932	 335.784485	 73.851303
420.756378	 293.901703	 64.854851	 405.422882	 375.684448	 52.388588	 386.421356	 355.925507	 85.923485	 385.189758	 315.718811	 87.068398	 385.819244	 335.783600	 73.847443
420.338745	 294.363342	 64.722084	 405.984283	 375.523346	 52.708138	 386.422394	 355.925751	 85.914642	 385.187958	 315.717621	 87.067406	 385.822876	 335.781403	 73.844749
419.659729	 295.314148	 64.402580	 407.198212	 375.744110	 53.395828	 386.420746	 355.925201	 85.922318	 385.194244	 315.718475	 87.060349	 385.817535	 335.781860	 73.851044
419.395203	 295.692230	 64.189125	 407.692932	 375.863647	 53.675262	 386.425354	 355.924835	 85.920525	 385.197968	 315.716461	 87.067360	 385.826050	 335.780945	 73.848137
419.185303	 296.008118	 64.030998	 408.093567	 375.957947	 53.938515	 386.428345	 355.922272	 85.922012	 385.197601	 315.714813	 87.073082	 385.825653	 335.781281	 73.847580
419.022369	 296.272278	 63.954147	 408.425079	 376.035095	 54.148979	 386.435333	 355.918335	 85.925468	 385.205719	 315.710541	 87.074631	 385.831696	 335.775299	 73.851379
418.895172	 296.504944	 63.937759	 408.713501	 376.113220	 54.300545	 386.444550	 355.919464	 85.928452	 385.218201	 315.710510	 87.074486	 385.842926	 335.776123	 73.851433
418.796509	 296.713226	 63.959080	 408.959167	 376.172791	 54.434074	 386.462067	 355.918579	 85.935555	 385.236542	 315.710907	 87.081161	 385.855682	 335.775269	 73.864281
418.715668	 296.897461	 63.993195	 409.155457	 376.211243	 54.568756	 386.485260	 355.916748	 85.944122	 385.259460	 315.707306	 87.091187	 385.878815	 335.772400	 73.871964
418.635986	 297.067474	 64.053032	 409.313477	 376.234039	 54.702599	 386.515869	 355.915314	 85.959236	 385.292847	 315.707367	 87.100594	 385.911774	 335.774170	 73.877251
418.569183	 297.228790	 64.128410	 409.448364	 376.241333	 54.827972	 386.558502	 355.910736	 85.970993	 385.338776	 315.703308	 87.114273	 385.950928	 335.770416	 73.896538
418.516418	 297.387421	 64.233932	 409.570496	 376.245483	 54.944717	 386.607025	 355.912323	 85.979355	 385.391815	 315.703186	 87.127670	 385.995911	 335.770874	 73.909897
418.475311	 297.546783	 64.363007	 409.695038	 376.252197	 55.048931	 386.667999	 355.928131	 85.995338	 385.453735	 315.720123	 87.141762	 386.052338	 335.787811	 73.925125
418.448212	 297.704163	 64.505707	 409.840210	 376.267792	 55.149254	 386.750977	 355.969391	 86.011780	 385.524231	 315.762115	 87.151352	 386.129425	 335.830200	 73.940781
418.430328	 297.866302	 64.621811	 410.014954	 376.309174	 55.225639	 386.870789	 356.055176	 86.012070	 385.603912	 315.849243	 87.153160	 386.230377	 335.914307	 73.936790
418.419495	 298.039520	 64.717651	 410.211761	 376.371643	 55.293854	 387.022064	 356.179260	 86.005295	 385.689850	 315.975677	 87.153206	 386.354767	 336.038910	 73.928749
418.427979	 298.222107	 64.808792	 410.420349	 376.456573	 55.363327	 387.179047	 356.327362	 86.012505	 385.787659	 316.126709	 87.148155	 386.487488	 336.187042	 73.933243
418.452209	 298.404663	 64.904037	 410.625549	 376.555786	 55.439545	 387.338776	 356.493225	 86.034111	 385.882477	 316.295776	 87.181496	 386.619354	 336.353638	 73.957802
418.500275	 298.581818	 65.034012	 410.829163	 376.656433	 55.536816	 387.513000	 356.681610	 86.082726	 385.971710	 316.482697	 87.269218	 386.756622	 336.536499	 74.024567
418.577667	 298.768311	 65.244331	 411.059265	 376.771606	 55.645424	 387.708466	 356.903381	 86.180717	 386.095520	 316.709137	 87.393814	 386.918732	 336.745087	 74.145065
418.697357	 298.964600	 65.535141	 411.314270	 376.886444	 55.777447	 387.936554	 357.151337	 86.326797	 386.261353	 316.966858	 87.591103	 387.121246	 336.972717	 74.321434
418.862946	 299.146515	 65.930939	 411.595367	 376.983215	 55.954472	 388.202972	 357.424103	 86.488235	 386.447571	 317.246521	 87.898331	 387.360260	 337.209167	 74.548370
419.072266	 299.330170	 66.466270	 411.899109	 377.077362	 56.189800	 388.488007	 357.730988	 86.700706	 386.664398	 317.561096	 88.305977	 387.628632	 337.462433	 74.853928
419.328461	 299.525085	 67.168121	 412.233551	 377.171173	 56.498989	 388.785309	 358.064545	 87.027016	 386.904236	 317.906372	 88.840248	 387.923096	 337.733215	 75.278473
419.628204	 299.713654	 68.049034	 412.593994	 377.261566	 56.936584	 389.109314	 358.409058	 87.456139	 387.168884	 318.265076	 89.506462	 388.245758	 338.006927	 75.834053
419.963623	 299.893188	 69.088493	 412.951019	 377.342133	 57.550289	 389.422638	 358.721619	 88.043625	 387.452057	 318.592499	 90.322601	 388.578552	 338.249573	 76.538559
420.319458	 300.045868	 70.293373	 413.279083	 377.398254	 58.371384	 389.702820	 358.952515	 88.820908	 387.733948	 318.836212	 91.305389	 388.898376	 338.425507	 77.421265
420.698120	 300.162445	 71.664810	 413.564026	 377.429230	 59.447151	 389.963837	 359.099182	 89.802788	 388.025940	 318.988617	 92.439079	 389.208344	 338.520966	 78.506851
421.088806	 300.246185	 73.168282	 413.827362	 377.438599	 60.790092	 390.211609	 359.162354	 91.051888	 388.326843	 319.055481	 93.770950	 389.527344	 338.553589	 79.791901
421.482819	 300.295105	 74.811363	 414.072906	 377.425293	 62.430714	 390.459656	 359.132385	 92.572449	 388.646118	 319.020203	 95.303482	 389.846832	 338.521759	 81.307533
421.876923	 300.314911	 76.628609	 414.285004	 377.401276	 64.416618	 390.692627	 359.011932	 94.378792	 388.972015	 318.888519	 97.034874	 390.148590	 338.421906	 83.092049
422.237671	 300.308228	 78.621658	 414.464386	 377.367554	 66.692734	 390.891998	 358.813110	 96.490059	 389.280304	 318.677551	 98.983704	 390.427277	 338.267853	 85.119415
422.564880	 300.279877	 80.825768	 414.612152	 377.326935	 69.253319	 391.069580	 358.570465	 98.883331	 389.556824	 318.419495	 101.156731	 390.667725	 338.080292	 87.395943
422.839752	 300.248566	 83.274323	 414.694489	 377.297302	 72.102547	 391.193451	 358.321136	 101.534996	 389.779205	 318.151245	 103.585236	 390.850800	 337.893982	 89.934624
423.050934	 300.244781	 86.005142	 414.707306	 377.286713	 75.193169	 391.248383	 358.095856	 104.456306	 389.945465	 317.914520	 106.285217	 390.971436	 337.736908	 92.740173
423.208862	 300.284515	 89.056091	 414.646606	 377.310883	 78.524948	 391.227966	 357.930450	 107.631485	 390.045013	 317.738403	 109.288673	 391.023987	 337.620331	 95.824150
423.305328	 300.377258	 92.374687	 414.519623	 377.380157	 82.068604	 391.170532	 357.865570	 111.053101	 390.095947	 317.661987	 112.611664	 391.025177	 337.582977	 99.198792
423.374725	 300.522156	 96.064117	 414.367554	 377.493286	 85.805702	 391.114410	 357.902618	 114.771141	 390.144196	 317.697998	 116.267197	 391.011200	 337.640778	 102.882484
423.414215	 300.705322	 100.091965	 414.185364	 377.640747	 89.772118	 391.056427	 358.022705	 118.776649	 390.183319	 317.816650	 120.284691	 390.976776	 337.754059	 106.891281
423.429993	 300.935486	 104.395180	 413.966125	 377.812775	 93.997620	 391.008240	 358.212677	 123.076637	 390.228607	 318.006287	 124.665741	 390.933319	 337.918579	 111.237694
423.443756	 301.192505	 109.045372	 413.711273	 378.001282	 98.505196	 390.960571	 358.442017	 127.717072	 390.288788	 318.235748	 129.419907	 390.883942	 338.115387	 115.931175
423.450043	 301.448029	 114.012756	 413.418488	 378.192474	 103.305672	 390.905334	 358.669678	 132.694489	 390.357147	 318.464050	 134.531998	 390.824799	 338.306427	 120.968460
423.456909	 301.679108	 119.246941	 413.103455	 378.354218	 108.413193	 390.862854	 358.846466	 137.998825	 390.453949	 318.645935	 139.954178	 390.771057	 338.454346	 126.328529
423.475433	 301.847717	 124.722198	 412.778564	 378.466278	 113.845261	 390.849030	 358.944641	 143.623337	 390.592865	 318.753723	 145.649216	 390.731781	 338.534668	 131.994263
423.507446	 301.949219	 130.402878	 412.445465	 378.528839	 119.583977	 390.861298	 358.957520	 149.554352	 390.762390	 318.766418	 151.611008	 390.712677	 338.541077	 137.945099
423.565430	 301.991913	 136.240051	 412.119965	 378.538147	 125.610275	 390.901672	 358.866150	 155.773804	 390.972626	 318.673431	 157.793381	 390.726715	 338.464172	 144.136917
423.649536	 301.975189	 142.225128	 411.814575	 378.506409	 131.906052	 390.988037	 358.678619	 162.243057	 391.237396	 318.484680	 164.150650	 390.776459	 338.308441	 150.545395
423.762878	 301.932281	 148.341034	 411.556122	 378.453247	 138.417679	 391.142059	 358.432465	 168.923340	 391.559082	 318.232697	 170.669113	 390.872101	 338.105377	 157.157303
423.923096	 301.886444	 154.564224	 411.376007	 378.390106	 145.103378	 391.397888	 358.175079	 175.768082	 391.959717	 317.966217	 177.335220	 391.049927	 337.897888	 163.919266
424.139008	 301.848755	 160.905685	 411.308838	 378.353577	 151.903214	 391.773773	 357.956726	 182.751266	 392.443542	 317.736481	 184.151550	 391.328522	 337.727264	 170.823029
424.411194	 301.836517	 167.361191	 411.345062	 378.342529	 158.792618	 392.257721	 357.794464	 189.828964	 393.010620	 317.566315	 191.081711	 391.691040	 337.609955	 177.842209
424.734528	 301.840454	 173.903488	 411.455597	 378.348969	 165.728287	 392.811401	 357.674469	 196.951157	 393.643188	 317.443146	 198.055679	 392.123230	 337.528473	 184.912445
425.100494	 301.858521	 180.491165	 411.617737	 378.369141	 172.675293	 393.403015	 357.582855	 204.072174	 394.305878	 317.351929	 205.055466	 392.602234	 337.473816	 191.984390
425.510071	 301.895752	 187.086227	 411.825043	 378.391602	 179.600204	 394.024384	 357.511383	 211.160736	 394.994049	 317.284393	 212.045120	 393.114349	 337.433960	 199.032257
425.951019	 301.941345	 193.682114	 412.073608	 378.428314	 186.449463	 394.670898	 357.475037	 218.178650	 395.702789	 317.247955	 218.985672	 393.659302	 337.415009	 206.028076
426.428772	 302.013641	 200.251572	 412.366486	 378.484344	 193.186432	 395.331909	 357.489960	 225.089066	 396.427063	 317.260559	 225.868973	 394.227997	 337.436615	 212.931702
426.959290	 302.113831	 206.803055	 412.694885	 378.552643	 199.808395	 396.007477	 357.548798	 231.885971	 397.183136	 317.325317	 232.668365	 394.830444	 337.495087	 219.737701
427.546326	 302.240082	 213.306061	 413.058594	 378.643707	 206.303253	 396.712646	 357.661743	 238.550308	 397.976410	 317.442810	 239.382233	 395.469055	 337.585052	 226.449600
428.189240	 302.397705	 219.729538	 413.465790	 378.753540	 212.645233	 397.455933	 357.826019	 245.074463	 398.812103	 317.609192	 246.007614	 396.156433	 337.713348	 233.033569
428.891235	 302.567902	 226.041656	 413.916107	 378.867798	 218.827698	 398.243439	 358.015778	 251.449768	 399.698181	 317.803497	 252.509705	 396.898682	 337.860229	 239.480087
429.649414	 302.746582	 232.195023	 414.409576	 378.985046	 224.854065	 399.070526	 358.218597	 257.654755	 400.628540	 318.012054	 258.856415	 397.674744	 338.015106	 245.781174
430.450714	 302.924011	 238.189941	 414.949768	 379.100037	 230.699005	 399.940094	 358.420654	 263.678223	 401.603943	 318.223999	 265.025879	 398.493927	 338.172974	 251.900345
431.281189	 303.087494	 243.980591	 415.523285	 379.205475	 236.349426	 400.833923	 358.609985	 269.511230	 402.612671	 318.424988	 270.982422	 399.348785	 338.316650	 257.815674
432.125092	 303.236450	 249.533676	 416.108704	 379.297028	 241.803406	 401.734680	 358.783600	 275.125244	 403.621185	 318.607269	 276.707916	 400.216827	 338.446320	 263.500824
432.969116	 303.366638	 254.830994	 416.703796	 379.371124	 247.021637	 402.636902	 358.927551	 280.485046	 404.625977	 318.760437	 282.175903	 401.090485	 338.558350	 268.924927
433.805511	 303.481354	 259.818024	 417.289948	 379.435028	 251.990311	 403.517609	 359.040070	 285.577789	 405.614990	 318.880859	 287.341217	 401.939392	 338.642456	 274.071899
434.602112	 303.597778	 264.487640	 417.854218	 379.507416	 256.689789	 404.359589	 359.133148	 290.379547	 406.555664	 318.980682	 292.190918	 402.753143	 338.715363	 278.913971
435.347626	 303.726166	 268.829010	 418.409546	 379.602814	 261.091583	 405.172638	 359.230072	 294.854523	 407.445618	 319.082794	 296.701233	 403.532715	 338.804291	 283.419464
436.038940	 303.879272	 272.824921	 418.950897	 379.736053	 265.157593	 405.948669	 359.359192	 298.994659	 408.284576	 319.216125	 300.851746	 404.269806	 338.927399	 287.578094
436.675659	 304.074982	 276.457977	 419.451630	 379.907410	 268.870819	 406.666626	 359.527893	 302.776062	 409.061523	 319.387726	 304.623535	 404.952820	 339.091766	 291.372040
437.251862	 304.312897	 279.699799	 419.900848	 380.120819	 272.186127	 407.318329	 359.739563	 306.150360	 409.764740	 319.603241	 307.993073	 405.567993	 339.300018	 294.767578
437.753143	 304.593231	 282.537201	 420.279022	 380.377319	 275.057953	 407.880432	 360.003632	 309.083710	 410.378265	 319.870605	 310.941711	 406.101990	 339.556671	 297.729584
438.170074	 304.914764	 284.946594	 420.571930	 380.667511	 277.455261	 408.339081	 360.321075	 311.551056	 410.892242	 320.192902	 313.447449	 406.539703	 339.857635	 300.225891
438.491058	 305.270355	 286.878845	 420.768066	 380.992249	 279.345886	 408.686859	 360.687622	 313.522980	 411.302521	 320.565277	 315.470612	 406.875488	 340.202759	 302.230499
438.704224	 305.654724	 288.311890	 420.858063	 381.350403	 280.710999	 408.919800	 361.090698	 314.973450	 411.604828	 320.976257	 316.978271	 407.104675	 340.586273	 303.718018
438.826141	 306.070465	 289.181458	 420.854248	 381.737976	 281.525665	 409.057922	 361.519287	 315.863007	 411.803436	 321.413116	 317.940338	 407.232086	 340.993256	 304.656708
438.840729	 306.504669	 289.446991	 420.776642	 382.157227	 281.738037	 409.116821	 361.980194	 316.157471	 411.907715	 321.880524	 318.303070	 407.274567	 341.431641	 304.997253
438.737518	 306.944794	 289.045898	 420.645264	 382.594452	 281.312744	 409.096802	 362.459930	 315.830231	 411.913330	 322.364410	 318.008453	 407.231171	 341.897156	 304.687500
438.498627	 307.355499	 287.937378	 420.445526	 383.019501	 280.228485	 408.988495	 362.914490	 314.824249	 411.783447	 322.817413	 317.021118	 407.077362	 342.347015	 303.694061
438.086700	 307.696594	 286.074585	 420.150879	 383.410919	 278.446869	 408.732452	 363.298248	 313.094299	 411.465942	 323.195923	 315.270813	 406.759796	 342.736786	 301.967072
437.472900	 307.949524	 283.432739	 419.719269	 383.726349	 275.967773	 408.258423	 363.556519	 310.616425	 410.908661	 323.444489	 312.698303	 406.233887	 343.026947	 299.444366
436.660858	 308.108521	 280.049866	 419.116119	 383.948486	 272.802094	 407.528992	 363.670959	 307.379120	 410.079620	 323.545197	 309.315674	 405.475983	 343.189453	 296.130035
435.687561	 308.208527	 275.982727	 418.349640	 384.112061	 268.953552	 406.541046	 363.693878	 303.394135	 408.993134	 323.551788	 305.158295	 404.493073	 343.265167	 292.041656
434.606293	 308.301422	 271.298645	 417.456329	 384.244141	 264.413177	 405.330566	 363.690308	 298.691284	 407.702209	 323.535980	 300.288177	 403.337524	 343.318848	 287.222473
433.464752	 308.420990	 266.072052	 416.470825	 384.385010	 259.198975	 403.963623	 363.742584	 293.304047	 406.269348	 323.581573	 294.795593	 402.055969	 343.405640	 281.758545
432.304016	 308.600555	 260.380310	 415.430817	 384.563263	 253.359512	 402.498413	 363.914276	 287.281860	 404.753632	 323.751129	 288.757568	 400.704498	 343.581055	 275.696350
431.135498	 308.835144	 254.292618	 414.375244	 384.773834	 246.919907	 400.970123	 364.198090	 280.675873	 403.189606	 324.036041	 282.245392	 399.322754	 343.849579	 269.101349
429.968384	 309.099701	 247.832260	 413.295593	 385.003387	 239.949631	 399.400269	 364.561401	 273.545685	 401.595795	 324.404144	 275.301208	 397.915222	 344.164063	 262.035034
428.814148	 309.384094	 241.010391	 412.203735	 385.224152	 232.529358	 397.812531	 364.954010	 265.977722	 399.996063	 324.808075	 267.970154	 396.503815	 344.493774	 254.546646
427.673401	 309.661743	 233.854416	 411.138428	 385.423004	 224.724594	 396.247345	 365.340363	 258.046112	 398.421753	 325.205017	 260.292206	 395.123169	 344.816986	 246.715363
426.539551	 309.911133	 226.411026	 410.095123	 385.606079	 216.658188	 394.728668	 365.715179	 249.809494	 396.883911	 325.596039	 252.308090	 393.775970	 345.124908	 238.579086
425.421143	 310.130280	 218.707031	 NaN	 NaN	 NaN	 393.277374	 366.062744	 241.339569	 395.387878	 325.963318	 244.082809	 392.476593	 345.409058	 230.199173
424.328461	 310.301025	 210.802277	 NaN	 NaN	 NaN	 391.914825	 366.367523	 232.707458	 393.949188	 326.279602	 235.664124	 391.241455	 345.655762	 221.665710
423.277008	 310.426147	 202.737427	 NaN	 NaN	 NaN	 390.629150	 366.606415	 223.982086	 392.552551	 326.523895	 227.132935	 390.070465	 345.854492	 213.025558
422.273468	 310.482849	 194.580704	 NaN	 NaN	 NaN	 389.407379	 366.745026	 215.242691	 391.203674	 326.668762	 218.526260	 388.962158	 345.969513	 204.337784
421.312836	 310.449158	 186.426300	 NaN	 NaN	 NaN	 388.241974	 366.770569	 206.560989	 389.917633	 326.695038	 209.876022	 387.915802	 345.983978	 195.653976
420.404816	 310.342682	 178.309021	 NaN	 NaN	 NaN	 387.149445	 366.693481	 197.962112	 388.694427	 326.605286	 201.263504	 386.948090	 345.912872	 187.031479
419.571381	 310.183289	 170.272629	 NaN	 NaN	 NaN	 386.141052	 366.534607	 189.517395	 387.549652	 326.435516	 192.744858	 386.059692	 345.777496	 178.534531
418.818878	 309.990723	 162.382339	 404.718475	 385.578583	 150.085098	 385.226776	 366.330872	 181.295456	 386.497192	 326.224945	 184.394150	 385.258270	 345.611969	 170.234207
418.146057	 309.780029	 154.726181	 404.434814	 385.407562	 142.464798	 384.431244	 366.106934	 173.314468	 385.552765	 325.993500	 176.282288	 384.570343	 345.433014	 162.176834
417.566193	 309.553986	 147.341614	 404.224487	 385.225525	 135.147018	 383.748322	 365.871643	 165.616028	 384.716156	 325.743225	 168.460144	 383.983826	 345.238586	 154.407623
417.083740	 309.330261	 140.256317	 404.076477	 385.040924	 128.143051	 383.149780	 365.635956	 158.240601	 383.986847	 325.490234	 160.956619	 383.480835	 345.032532	 146.973969
416.688629	 309.110138	 133.522202	 403.979370	 384.843597	 121.462982	 382.625092	 365.405121	 151.198486	 383.357544	 325.250732	 153.813965	 383.062805	 344.827972	 139.883987
416.373260	 308.888794	 127.168633	 403.929321	 384.637939	 115.079369	 382.180695	 365.188843	 144.497864	 382.822906	 325.032135	 147.053528	 382.729248	 344.628235	 133.148422
416.139465	 308.679688	 121.194031	 403.924927	 384.427551	 108.999512	 381.817657	 365.002594	 138.149429	 382.374725	 324.846283	 140.693985	 382.465454	 344.445831	 126.795799
415.969421	 308.464569	 115.632179	 403.966858	 384.201294	 103.259888	 381.524170	 364.833862	 132.172089	 382.003967	 324.678375	 134.751373	 382.269989	 344.267487	 120.831230
415.854248	 308.236755	 110.487289	 404.033722	 383.957977	 97.901245	 381.285553	 364.655914	 126.588600	 381.702301	 324.502289	 129.235413	 382.128387	 344.069458	 115.288727
415.800537	 308.007019	 105.745857	 404.112396	 383.703796	 92.952095	 381.105652	 364.459198	 121.430931	 381.481720	 324.308929	 124.145889	 382.031189	 343.850281	 110.181046
415.804169	 307.766876	 101.390831	 404.215973	 383.443939	 88.425652	 380.999023	 364.237946	 116.761177	 381.353027	 324.092865	 119.524170	 382.000183	 343.613953	 105.534187
415.841675	 307.516174	 97.425652	 404.342743	 383.186218	 84.337646	 380.983307	 364.008667	 112.590858	 381.309082	 323.865936	 115.403725	 382.028412	 343.376404	 101.396248
415.911133	 307.263245	 93.836052	 404.489624	 382.932281	 80.683670	 381.047394	 363.777008	 108.896759	 381.345551	 323.635437	 111.738564	 382.101654	 343.140198	 97.731087
416.000854	 306.995056	 90.606407	 404.636230	 382.678680	 77.467178	 381.154144	 363.526642	 105.673347	 381.433777	 323.385010	 108.505142	 382.209534	 342.888245	 94.491760
416.090210	 306.702026	 87.723396	 404.772888	 382.415527	 74.658882	 381.274658	 363.242554	 102.866364	 381.539948	 323.100220	 105.651161	 382.321533	 342.614746	 91.661537
416.173676	 306.380646	 85.139168	 404.890961	 382.130798	 72.228432	 381.383942	 362.909760	 100.429207	 381.636261	 322.765839	 103.119507	 382.418304	 342.307159	 89.177116
416.251892	 306.029602	 82.826759	 404.993317	 381.834717	 70.153664	 381.484406	 362.531097	 98.311226	 381.718170	 322.379425	 100.889572	 382.507202	 341.965820	 86.984413
416.321777	 305.660309	 80.776024	 405.092163	 381.531403	 68.406868	 381.589142	 362.118622	 96.496780	 381.810028	 321.954742	 98.911469	 382.597717	 341.599976	 85.088295
416.387421	 305.280121	 78.958664	 405.191681	 381.219482	 66.960121	 381.695862	 361.678650	 94.992516	 381.908691	 321.504639	 97.187767	 382.689941	 341.215912	 83.475479
416.453033	 304.899811	 77.372200	 405.286804	 380.912811	 65.770706	 381.812622	 361.234131	 93.743103	 382.002380	 321.045013	 95.731750	 382.780396	 340.829254	 82.116600
416.509583	 304.534180	 76.017746	 405.379456	 380.617889	 64.815460	 381.941803	 360.799622	 92.740822	 382.103546	 320.597534	 94.512955	 382.869751	 340.456421	 81.003876
416.569580	 304.185425	 74.873070	 405.469635	 380.336243	 64.056465	 382.076294	 360.390564	 91.946396	 382.216217	 320.180969	 93.521164	 382.964905	 340.107605	 80.104179
416.617737	 303.869873	 73.944496	 405.535309	 380.084747	 63.455021	 382.206421	 360.035736	 91.321220	 382.327057	 319.820923	 92.733063	 383.051331	 339.800629	 79.390282
416.656799	 303.608612	 73.191879	 405.587372	 379.872192	 62.954876	 382.326508	 359.748016	 90.838661	 382.430237	 319.529816	 92.119019	 383.122009	 339.551819	 78.847588
416.682648	 303.396698	 72.593864	 405.621765	 379.704590	 62.535667	 382.429596	 359.536499	 90.462868	 382.513336	 319.312408	 91.672737	 383.175934	 339.362396	 78.437241
416.691986	 303.232635	 72.124565	 405.621155	 379.576752	 62.177078	 382.509796	 359.388519	 90.157372	 382.581390	 319.159515	 91.337135	 383.205048	 339.220856	 78.116280
416.688110	 303.104858	 71.735146	 405.588379	 379.470703	 61.844887	 382.558807	 359.271454	 89.890831	 382.635284	 319.042572	 91.060547	 383.214569	 339.107574	 77.845856
416.669769	 303.003876	 71.397903	 405.515747	 379.389008	 61.531864	 382.564667	 359.180420	 89.655861	 382.657104	 318.953247	 90.834183	 383.194580	 339.017548	 77.608292
416.632751	 302.941406	 71.088982	 405.400665	 379.332703	 61.235779	 382.523407	 359.114685	 89.434258	 382.647278	 318.887177	 90.619965	 383.138824	 338.948914	 77.387047
416.577240	 302.910858	 70.796799	 405.264160	 379.305389	 60.937901	 382.455566	 359.076538	 89.199081	 382.614624	 318.848450	 90.394302	 383.060822	 338.905151	 77.157806
416.503723	 302.914368	 70.501953	 405.121033	 379.319031	 60.626305	 382.369751	 359.082733	 88.946770	 382.558167	 318.853851	 90.153000	 382.969330	 338.905609	 76.906723
416.415375	 302.953979	 70.189049	 404.981812	 379.365417	 60.291279	 382.273529	 359.124176	 88.667152	 382.482697	 318.900330	 89.888390	 382.864960	 338.947296	 76.628456
416.322723	 303.022369	 69.858002	 404.848145	 379.447083	 59.941029	 382.172699	 359.201019	 88.345108	 382.396759	 318.979889	 89.581825	 382.757080	 339.021210	 76.311928
416.223846	 303.136292	 69.502716	 404.733368	 379.577789	 59.562958	 382.084747	 359.340668	 87.987419	 382.307831	 319.115814	 89.247810	 382.654419	 339.150269	 75.975021
416.129272	 303.302612	 69.140106	 404.660583	 379.759979	 59.158104	 382.030945	 359.547119	 87.622490	 382.235016	 319.323608	 88.892929	 382.575806	 339.350739	 75.618744
416.050049	 303.517731	 68.755379	 404.620819	 379.995514	 58.730503	 382.000977	 359.814148	 87.243568	 382.176361	 319.592621	 88.532715	 382.519104	 339.609406	 75.242653
415.984894	 303.770386	 68.333519	 404.597076	 380.260956	 58.281311	 381.981720	 360.110626	 86.820473	 382.126709	 319.888580	 88.145447	 382.471039	 339.896942	 74.842392
415.921295	 304.021301	 67.883598	 404.573395	 380.524475	 57.830677	 381.962952	 360.374664	 86.391327	 382.092529	 320.153687	 87.710388	 382.434143	 340.165955	 74.409637
415.868622	 304.219543	 67.399139	 404.532684	 380.742706	 57.439110	 381.943970	 360.539734	 86.015038	 382.072601	 320.317383	 87.266106	 382.402557	 340.349884	 73.995567
415.842133	 304.309845	 66.913269	 404.485809	 380.848022	 57.219738	 381.941223	 360.531769	 85.771439	 382.079071	 320.313049	 86.867569	 382.388763	 340.397705	 73.681221
415.897125	 304.358856	 66.657860	 404.564484	 380.961823	 57.132980	 382.114716	 360.625763	 85.745544	 382.213745	 320.386841	 86.795334	 382.490814	 340.480713	 73.626938
416.002380	 304.403381	 66.642647	 404.666595	 381.020264	 57.177608	 382.322296	 360.717896	 85.845329	 382.394958	 320.489990	 86.917404	 382.643768	 340.585419	 73.742508
416.066010	 304.375549	 66.575333	 404.720032	 381.009613	 57.186726	 382.421600	 360.685669	 85.875946	 382.492523	 320.455841	 86.916748	 382.717560	 340.555847	 73.752663
416.133331	 304.344177	 66.570824	 404.755524	 380.985565	 57.161922	 382.490814	 360.668976	 85.868752	 382.561188	 320.441681	 86.922615	 382.782166	 340.540253	 73.747345
416.193542	 304.305634	 66.588226	 404.773987	 380.955688	 57.179199	 382.535004	 360.635162	 85.889534	 382.610840	 320.408264	 86.934326	 382.827118	 340.506897	 73.756126
416.250153	 304.299408	 66.604057	 404.785706	 380.949371	 57.187225	 382.578094	 360.623535	 85.896393	 382.662231	 320.397064	 86.936066	 382.867340	 340.495483	 73.763641
416.305542	 304.312775	 66.598808	 404.782074	 380.960480	 57.201328	 382.617432	 360.629272	 85.890854	 382.711182	 320.402802	 86.934509	 382.906067	 340.500793	 73.760109
416.360870	 304.346710	 66.578674	 404.774902	 380.987274	 57.197334	 382.652893	 360.645386	 85.879074	 382.762115	 320.418427	 86.932869	 382.945190	 340.516937	 73.747093
416.426758	 304.399597	 66.549484	 404.776398	 381.026459	 57.175713	 382.699371	 360.672913	 85.862808	 382.835754	 320.447449	 86.919548	 382.996490	 340.543457	 73.731506
416.504883	 304.450012	 66.510872	 404.794373	 381.070587	 57.145058	 382.768951	 360.707581	 85.847252	 382.925781	 320.482361	 86.907822	 383.062927	 340.571716	 73.721939
416.594513	 304.477936	 66.472580	 404.828033	 381.094421	 57.099648	 382.865601	 360.724396	 85.835876	 383.032928	 320.499847	 86.906082	 383.148254	 340.586517	 73.714897
416.712860	 304.481140	 66.434563	 404.895966	 381.105530	 57.036358	 382.998474	 360.726715	 85.826653	 383.175781	 320.501160	 86.906372	 383.265503	 340.589966	 73.713814
416.871185	 304.475037	 66.391403	 405.025208	 381.122833	 56.933353	 383.180084	 360.728149	 85.831390	 383.364136	 320.503021	 86.909332	 383.426697	 340.594238	 73.722092
417.060822	 304.437286	 66.349152	 405.225739	 381.138000	 56.785492	 383.427124	 360.721863	 85.836441	 383.602875	 320.496124	 86.926697	 383.635742	 340.588379	 73.733665
417.286926	 304.334869	 66.303947	 405.483185	 381.146179	 56.603302	 383.715576	 360.703064	 85.857208	 383.871704	 320.472504	 86.958801	 383.880005	 340.566193	 73.743240
417.558472	 304.156158	 66.302979	 405.776337	 381.153748	 56.369190	 384.005676	 360.661743	 85.909431	 384.139282	 320.431152	 87.000343	 384.125122	 340.525879	 73.781143
417.913330	 303.906525	 66.450584	 406.067017	 381.190155	 56.067406	 384.234802	 360.608795	 85.954933	 384.352325	 320.379761	 87.037094	 384.310150	 340.474365	 73.838676
418.358887	 303.591949	 66.795624	 406.322113	 381.286682	 55.698952	 384.348785	 360.583252	 85.976242	 384.468048	 320.355682	 87.049377	 384.404053	 340.449341	 73.865448
418.877350	 303.221283	 67.276772	 406.539001	 381.408234	 55.300976	 384.398712	 360.580963	 85.985703	 384.520142	 320.354980	 87.055084	 384.449524	 340.449371	 73.871498
419.493713	 302.820068	 67.870522	 406.726746	 381.505219	 54.971298	 384.440186	 360.575287	 85.996246	 384.559753	 320.350739	 87.063248	 384.487305	 340.445007	 73.882042
420.207733	 302.411713	 68.513145	 406.867828	 381.579529	 54.725525	 384.481079	 360.574127	 86.007690	 384.598602	 320.350952	 87.073578	 384.522522	 340.443878	 73.894928
421.037811	 302.008514	 69.217682	 406.959747	 381.636963	 54.526760	 384.520996	 360.575165	 86.015503	 384.639923	 320.353210	 87.080711	 384.556885	 340.446564	 73.910522
422.009369	 301.618469	 70.025215	 407.019714	 381.688446	 54.351845	 384.549652	 360.576477	 86.019722	 384.667847	 320.352966	 87.089233	 384.585236	 340.444550	 73.916260
423.079742	 301.327362	 70.920982	 407.078552	 381.755829	 54.186653	 384.558990	 360.581055	 86.022842	 384.674316	 320.355316	 87.095146	 384.592255	 340.447144	 73.922035
424.170990	 301.203064	 71.713577	 407.166992	 381.832947	 54.034985	 384.561829	 360.583099	 86.018692	 384.674652	 320.357025	 87.092987	 384.592560	 340.450378	 73.919174
425.245636	 301.219940	 72.249588	 407.303223	 381.815338	 53.867294	 384.540070	 360.583191	 86.008682	 384.652100	 320.357574	 87.084198	 384.574127	 340.449066	 73.903145
426.349670	 301.367706	 72.544388	 407.790070	 381.812714	 53.726322	 384.419159	 360.592712	 85.971588	 384.539734	 320.366486	 87.053253	 384.474487	 340.457184	 73.869873
427.616058	 301.644287	 72.791328	 408.499969	 381.850708	 53.914772	 384.361237	 360.596741	 85.950294	 384.474457	 320.372040	 87.039406	 384.417145	 340.462616	 73.847443
429.133636	 301.981720	 73.160019	 409.194305	 381.828949	 54.406273	 384.402954	 360.593750	 85.964920	 384.515198	 320.366638	 87.055092	 384.455414	 340.457703	 73.859688
430.927338	 302.300476	 73.543198	 409.943359	 381.756989	 55.011272	 384.390900	 360.594818	 85.962952	 384.505920	 320.366333	 87.052887	 384.444000	 340.457794	 73.862167
433.022186	 302.540619	 73.856209	 410.811401	 381.664398	 55.665089	 384.386566	 360.591949	 85.961037	 384.502808	 320.365631	 87.046967	 384.439301	 340.455444	 73.858276
435.496643	 302.554962	 74.118454	 411.864380	 381.583221	 56.355843	 384.396942	 360.591003	 85.961914	 384.514587	 320.365784	 87.046944	 384.451141	 340.455231	 73.858681
438.402100	 302.423248	 74.382957	 413.196259	 381.509247	 57.072033	 384.396393	 360.589264	 85.962883	 384.512543	 320.365295	 87.046692	 384.449310	 340.457001	 73.856667
441.728577	 302.401428	 74.801552	 414.870514	 381.445251	 57.820492	 384.405731	 360.587799	 85.963669	 384.520660	 320.362549	 87.050659	 384.456940	 340.453064	 73.861977
445.449677	 302.637665	 75.545258	 416.908112	 381.395935	 58.683628	 384.409271	 360.589478	 85.960358	 384.524109	 320.364960	 87.043488	 384.458008	 340.455139	 73.865173
449.546082	 303.127258	 76.698936	 419.291046	 381.350311	 59.770027	 384.413300	 360.587830	 85.963165	 384.528717	 320.364716	 87.043991	 384.461151	 340.455536	 73.865761
454.011292	 303.853333	 78.201660	 422.028412	 381.321136	 61.079163	 384.409363	 360.588531	 85.968773	 384.529694	 320.364624	 87.041710	 384.460358	 340.454437	 73.865013
458.824066	 304.833130	 79.974449	 425.149323	 381.314941	 62.589058	 384.406097	 360.592407	 85.967941	 384.526550	 320.367157	 87.039787	 384.457642	 340.457794	 73.864326
463.979065	 306.080383	 81.931244	 428.671600	 381.312836	 64.306435	 384.402252	 360.593445	 85.961540	 384.518738	 320.366943	 87.049026	 384.452789	 340.457916	 73.869041
469.475037	 307.579163	 84.035301	 432.543060	 381.211700	 66.257538	 384.391144	 360.597809	 85.959694	 384.505981	 320.370148	 87.047981	 384.443756	 340.461609	 73.862839
475.338226	 309.253204	 86.258331	 436.687744	 380.626190	 68.366020	 384.380280	 360.600800	 85.957115	 384.495087	 320.374878	 87.042038	 384.433685	 340.466003	 73.857430
481.605927	 310.983124	 88.556625	 441.218445	 379.978790	 70.614082	 384.373657	 360.601837	 85.957657	 384.489746	 320.376343	 87.042412	 384.424622	 340.464600	 73.861572
488.311859	 312.658661	 90.846878	 446.220367	 379.563354	 72.925804	 384.372772	 360.606934	 85.957222	 384.489227	 320.378052	 87.044815	 384.427521	 340.466797	 73.854675
495.478851	 314.260468	 93.015427	 451.653687	 379.118927	 75.238670	 384.376190	 360.606262	 85.952972	 384.489807	 320.377075	 87.046852	 384.427582	 340.467865	 73.860367
503.050110	 315.925354	 95.045944	 457.500183	 378.554535	 77.508080	 384.381317	 360.602936	 85.958931	 384.497253	 320.377655	 87.046745	 384.434753	 340.467987	 73.862190
510.954346	 317.716888	 96.986504	 463.805237	 377.802643	 79.588989	 384.391205	 360.604065	 85.963745	 384.509094	 320.380005	 87.045883	 384.448700	 340.470215	 73.857246
519.190369	 319.608429	 98.838852	 470.584381	 376.838654	 81.444382	 384.407684	 360.604980	 85.963432	 384.524628	 320.380463	 87.051414	 384.464996	 340.471161	 73.859085
527.740112	 321.592682	 100.600182	 477.833984	 375.584259	 83.075623	 384.421936	 360.607239	 85.966675	 384.539429	 320.381622	 87.054878	 384.480560	 340.472595	 73.856644
536.566345	 323.681366	 102.315132	 485.572205	 373.951080	 84.491264	 384.434570	 360.608215	 85.972618	 384.553040	 320.381866	 87.052979	 384.492401	 340.472992	 73.861427
545.657104	 325.885742	 103.999428	 493.812866	 371.942566	 85.756500	 384.448334	 360.607605	 85.966064	 384.566528	 320.380646	 87.052231	 384.501495	 340.470367	 73.872292
555.005371	 328.188538	 105.606384	 502.582581	 369.672577	 86.889198	 384.457611	 360.609070	 85.967110	 384.575195	 320.381897	 87.056198	 384.510895	 340.472198	 73.873001
564.596558	 330.533905	 107.075127	 511.876495	 367.317322	 87.886253	 384.463715	 360.607269	 85.972847	 384.581390	 320.381317	 87.055588	 384.520081	 340.472443	 73.868668
574.397217	 332.921478	 108.292648	 521.664612	 365.028351	 88.742256	 384.464783	 360.604675	 85.972794	 384.582153	 320.378937	 87.055817	 384.517426	 340.468719	 73.871513
584.346802	 335.382263	 109.161575	 531.897095	 362.968292	 89.402504	 384.457611	 360.604279	 85.975670	 384.576263	 320.378387	 87.054771	 384.513855	 340.469452	 73.869316
594.385132	 337.902496	 109.578003	 542.500061	 361.287476	 89.756027	 384.448669	 360.601288	 85.976601	 384.567474	 320.375824	 87.059700	 384.505524	 340.465515	 73.872276
604.465027	 340.492828	 109.406807	 553.412231	 360.065460	 89.719681	 384.439911	 360.600189	 85.979759	 384.559967	 320.374512	 87.059166	 384.495026	 340.463593	 73.872925
614.488770	 343.203796	 108.628410	 564.564270	 359.313873	 89.292610	 384.429840	 360.601501	 85.983521	 384.549683	 320.375854	 87.057327	 384.486572	 340.465912	 73.868881
624.317139	 346.073822	 107.346695	 575.840576	 359.049408	 88.510658	 384.421661	 360.601135	 85.980316	 384.540131	 320.375336	 87.063110	 384.476898	 340.465454	 73.873772
633.842041	 349.143890	 105.635445	 587.077759	 359.330872	 87.391029	 384.413635	 360.603027	 85.980843	 384.536743	 320.377747	 87.060028	 384.471313	 340.467407	 73.871681
643.000549	 352.392242	 103.532883	 598.082642	 360.175446	 85.962654	 384.410828	 360.604736	 85.981514	 384.534088	 320.380371	 87.059540	 384.469940	 340.469757	 73.871330
651.757080	 355.766876	 101.080803	 608.700684	 361.567169	 84.263451	 384.413483	 360.604736	 85.977821	 384.534424	 320.378876	 87.055092	 384.467590	 340.469543	 73.880226
660.110901	 359.234222	 98.346359	 618.845154	 363.460968	 82.294235	 384.408752	 360.609283	 85.977615	 384.526825	 320.382507	 87.057266	 384.459473	 340.473206	 73.884407
668.067017	 362.748260	 95.405128	 628.430603	 365.801819	 80.045418	 384.401245	 360.611572	 85.977196	 384.517548	 320.386261	 87.064095	 384.454834	 340.474670	 73.876678
675.622314	 366.278107	 92.334969	 637.344055	 368.546539	 77.580261	 384.395233	 360.611969	 85.977890	 384.509521	 320.385010	 87.066650	 384.451416	 340.475128	 73.878189
682.800354	 369.796936	 89.160088	 645.568359	 371.630493	 74.942902	 384.387299	 360.612427	 85.981888	 384.504272	 320.385864	 87.064919	 384.445404	 340.475250	 73.877777
689.592896	 373.282623	 85.838921	 653.181213	 374.960205	 72.162834	 384.383575	 360.608093	 85.982628	 384.504242	 320.381165	 87.063675	 384.443481	 340.469940	 73.871765
695.899963	 376.772095	 82.391159	 660.254578	 378.433990	 69.280457	 384.380890	 360.607666	 85.982040	 384.500977	 320.380646	 87.064537	 384.440308	 340.470215	 73.876686
701.688599	 380.297638	 78.865829	 666.864807	 381.974884	 66.299339	 384.376038	 360.608765	 85.980202	 384.493866	 320.384338	 87.067963	 384.434845	 340.475464	 73.877899
707.021179	 383.797150	 75.248566	 673.100891	 385.538300	 63.204086	 384.370819	 360.608276	 85.978653	 384.487549	 320.383148	 87.066231	 384.428375	 340.471893	 73.874237
711.938721	 387.241150	 71.529739	 679.049622	 389.085480	 59.958958	 384.363098	 360.612732	 85.981003	 384.481750	 320.385742	 87.065430	 384.421600	 340.472534	 73.872261
716.492554	 390.609802	 67.724480	 684.703125	 392.578583	 56.571712	 384.363708	 360.613342	 85.984413	 384.481537	 320.386627	 87.071320	 384.421814	 340.475494	 73.877754
720.730652	 393.861481	 63.800766	 690.008362	 395.981445	 53.108658	 384.371552	 360.612305	 85.982628	 384.488586	 320.384705	 87.071022	 384.429810	 340.473480	 73.880417
724.674133	 396.972229	 59.738541	 694.922791	 399.269043	 49.624886	 384.383087	 360.615082	 85.981339	 384.503510	 320.387878	 87.065178	 384.441040	 340.477112	 73.874344
728.334473	 399.914307	 55.614098	 699.389099	 402.423401	 46.128513	 384.400269	 360.615448	 85.978806	 384.519653	 320.389374	 87.063370	 384.454071	 340.479523	 73.875519
731.688171	 402.662842	 51.540691	 703.350891	 405.454773	 42.621155	 384.409943	 360.617188	 85.977791	 384.528168	 320.389130	 87.064064	 384.463318	 340.480835	 73.882599
734.777832	 405.205902	 47.478165	 706.837402	 408.326630	 39.143505	 384.415192	 360.618073	 85.982811	 384.534424	 320.390320	 87.065941	 384.475037	 340.482239	 73.872993
737.646179	 407.514465	 43.451256	 710.019836	 410.947540	 35.708851	 384.420959	 360.615173	 85.982925	 384.541107	 320.388947	 87.066757	 384.482117	 340.478577	 73.869514
740.295532	 409.594452	 39.578049	 713.056946	 413.252289	 32.336262	 384.420868	 360.617157	 85.987038	 384.544556	 320.391083	 87.063118	 384.479980	 340.479523	 73.877434
742.776489	 411.431519	 35.915726	 716.045898	 415.189636	 29.000822	 384.421204	 360.617340	 85.989464	 384.542969	 320.391052	 87.066338	 384.484161	 340.482269	 73.871414
745.141602	 412.959778	 32.477837	 718.899170	 416.743652	 25.796509	 384.423706	 360.617432	 85.981552	 384.543762	 320.390991	 87.065544	 384.486542	 340.480621	 73.867897
747.424133	 414.134460	 29.289150	 721.454285	 417.951691	 22.858244	 384.421387	 360.621552	 85.979500	 384.541504	 320.394440	 87.064011	 384.482391	 340.483521	 73.872238
749.604919	 414.967102	 26.396786	 723.721863	 418.855652	 20.204256	 384.418488	 360.621704	 85.973518	 384.533875	 320.393372	 87.066589	 384.476715	 340.484436	 73.872246
751.595154	 415.555176	 23.809015	 725.741455	 419.492249	 17.877001	 384.409393	 360.620789	 85.973419	 384.522919	 320.391418	 87.066574	 384.462341	 340.481537	 73.877197
753.349548	 415.968262	 21.579294	 727.510315	 419.928253	 15.888927	 384.396851	 360.620819	 85.975876	 384.509033	 320.392029	 87.066216	 384.450348	 340.482483	 73.873840
754.856506	 416.242096	 19.670683	 729.018738	 420.222412	 14.213460	 384.385345	 360.619049	 85.976555	 384.501434	 320.391449	 87.066254	 384.445343	 340.482147	 73.870705
756.105164	 416.428925	 17.944059	 730.262268	 420.422058	 12.825864	 384.375519	 360.618347	 85.985146	 384.497559	 320.392273	 87.065018	 384.438599	 340.480957	 73.872787
757.114075	 416.541260	 16.353680	 731.243530	 420.546021	 11.687319	 384.377808	 360.618927	 85.982094	 384.497589	 320.391876	 87.066208	 384.435303	 340.482300	 73.874123
757.922058	 416.538788	 14.881392	 732.010986	 420.588379	 10.724481	 384.379852	 360.617859	 85.980087	 384.498932	 320.389618	 87.066170	 384.437744	 340.480530	 73.877975
758.586121	 416.397675	 13.484511	 732.675232	 420.542145	 9.758752	 384.377533	 360.620117	 85.983826	 384.497955	 320.391449	 87.064842	 384.439087	 340.480865	 73.874382
759.158508	 416.095978	 12.141129	 733.301880	 420.357635	 8.675478	 384.380157	 360.621735	 85.978905	 384.496368	 320.393402	 87.066887	 384.436127	 340.483337	 73.876198
759.636353	 415.637634	 10.829889	 733.892151	 419.991669	 7.501111	 384.379089	 360.621765	 85.975685	 384.495758	 320.394623	 87.064873	 384.433411	 340.483643	 73.880081
760.022095	 415.055969	 9.518020	 734.386780	 419.465881	 6.317144	 384.377808	 360.624237	 85.973015	 384.493164	 320.397339	 87.066406	 384.431122	 340.485229	 73.873810
760.307495	 414.387390	 8.144049	 734.749634	 418.861633	 5.135808	 384.378052	 360.622650	 85.972855	 384.493774	 320.395386	 87.067741	 384.433685	 340.483917	 73.872604
760.481018	 413.671814	 6.710886	 734.961792	 418.254700	 3.957438	 384.378143	 360.621216	 85.976677	 384.499023	 320.393219	 87.063004	 384.438507	 340.482605	 73.878242
760.530518	 412.942535	 5.288112	 735.022522	 417.679688	 2.825985	 384.378845	 360.619904	 85.980164	 384.500122	 320.393829	 87.060516	 384.438538	 340.482605	 73.876137
760.502930	 412.179382	 3.914411	 734.999207	 417.127777	 1.772237	 384.379517	 360.616791	 85.982216	 384.500977	 320.390564	 87.061615	 384.441223	 340.479767	 73.873383
760.400146	 411.430267	 2.635841	 734.921265	 416.607117	 0.757801	 384.382019	 360.618256	 85.978966	 384.502136	 320.390442	 87.064102	 384.441620	 340.480743	 73.874390
760.173889	 410.752777	 1.501655	 734.778687	 416.110199	 -0.254612	 384.383759	 360.619080	 85.977890	 384.501343	 320.391510	 87.066048	 384.441833	 340.481812	 73.872597
759.859863	 410.112152	 0.390605	 734.563660	 415.642853	 -1.311874	 384.385529	 360.617432	 85.976364	 384.504028	 320.391144	 87.062317	 384.445618	 340.480499	 73.870071
759.452209	 409.551025	 -0.797982	 734.248108	 415.204681	 -2.436972	 384.390533	 360.620148	 85.973404	 384.507233	 320.392700	 87.061447	 384.447968	 340.481842	 73.867294
758.978394	 409.035095	 -1.978277	 733.861084	 414.784821	 -3.725498	 384.397522	 360.619385	 85.973831	 384.513855	 320.391815	 87.061775	 384.452606	 340.481598	 73.869926
758.500305	 408.415894	 -2.594475	 733.412537	 414.425934	 -4.979688	 384.402985	 360.618500	 85.975357	 384.521667	 320.391846	 87.062881	 384.460205	 340.480316	 73.871910
757.983398	 407.828766	 -2.621507	 732.974548	 414.103912	 -5.655582	 384.406525	 360.620087	 85.975082	 384.524994	 320.393951	 87.059013	 384.463348	 340.480927	 73.872528
757.339233	 407.561951	 -2.625938	 732.462585	 413.871613	 -5.553961	 384.410400	 360.616180	 85.969025	 384.523285	 320.391388	 87.063004	 384.464539	 340.479706	 73.871109
756.593750	 407.462646	 -2.582998	 731.830566	 413.858398	 -5.367609	 384.409424	 360.615295	 85.968483	 384.520447	 320.389648	 87.069023	 384.463593	 340.478149	 73.872604
755.786194	 407.412781	 -2.612789	 731.134583	 413.994537	 -5.449989	 384.404877	 360.616302	 85.973633	 384.519714	 320.392426	 87.064362	 384.458923	 340.480072	 73.872643
754.964539	 407.385651	 -2.631917	 730.396606	 414.159363	 -5.574013	 384.402649	 360.614288	 85.969162	 384.516449	 320.390686	 87.067772	 384.456207	 340.478241	 73.871956
754.179321	 407.348511	 -2.629702	 729.685730	 414.323212	 -5.702487	 384.397949	 360.618011	 85.965790	 384.507690	 320.390350	 87.069679	 384.452972	 340.479858	 73.870720
753.475098	 407.267059	 -2.664026	 729.060303	 414.496704	 -5.984529	 384.393188	 360.618744	 85.966713	 384.503845	 320.391937	 87.064308	 384.444733	 340.480560	 73.875229
752.830994	 407.162872	 -2.691077	 728.560059	 414.545929	 -6.190809	 384.383270	 360.617737	 85.971481	 384.500031	 320.391998	 87.061119	 384.440338	 340.478485	 73.871513
752.321045	 407.057617	 -2.699851	 728.215271	 414.484802	 -6.266874	 384.369080	 360.620605	 85.979942	 384.486145	 320.393066	 87.069122	 384.430908	 340.481415	 73.867310
751.923950	 406.961823	 -2.710566	 727.991028	 414.433746	 -6.347747	 384.361053	 360.619080	 85.978371	 384.478729	 320.393311	 87.068207	 384.421417	 340.481323	 73.866180
751.628235	 406.882538	 -2.742854	 727.841431	 414.400543	 -6.425337	 384.353607	 360.619202	 85.974937	 384.474213	 320.393555	 87.060669	 384.415802	 340.481537	 73.867615
751.424500	 406.817474	 -2.765590	 727.757446	 414.343384	 -6.440501	 384.347229	 360.619141	 85.976112	 384.466705	 320.393494	 87.062279	 384.409637	 340.483337	 73.868858
751.343750	 406.758820	 -2.796713	 727.742371	 414.247498	 -6.387901	 384.345612	 360.616241	 85.974197	 384.464661	 320.390198	 87.059464	 384.404785	 340.479553	 73.868835
751.368958	 406.721985	 -2.834859	 727.787231	 414.134888	 -6.325611	 384.345673	 360.617706	 85.970535	 384.462280	 320.388672	 87.061630	 384.401733	 340.478760	 73.866379
751.439392	 406.726471	 -2.848606	 727.870789	 414.030640	 -6.287982	 384.346619	 360.617310	 85.969727	 384.463684	 320.389008	 87.063393	 384.403687	 340.479584	 73.866089
751.518494	 406.753052	 -2.850458	 727.949768	 413.969360	 -6.254171	 384.351349	 360.616852	 85.971794	 384.465912	 320.388519	 87.066628	 384.407928	 340.478668	 73.872849
751.607727	 406.783417	 -2.855677	 728.039551	 413.926086	 -6.226617	 384.356781	 360.620514	 85.976288	 384.471680	 320.392761	 87.068481	 384.415070	 340.482727	 73.874756
751.710999	 406.778595	 -2.873061	 728.141479	 413.860199	 -6.207313	 384.367950	 360.622070	 85.973709	 384.484009	 320.394196	 87.065826	 384.424805	 340.483978	 73.875359
751.811279	 406.742340	 -2.897690	 728.233337	 413.779663	 -6.175159	 384.377075	 360.621643	 85.972557	 384.496399	 320.395050	 87.065453	 384.438965	 340.484344	 73.868668
751.920837	 406.693390	 -2.931308	 728.332825	 413.680969	 -6.140818	 384.384277	 360.621460	 85.978836	 384.507965	 320.397003	 87.063904	 384.448151	 340.485474	 73.864456
752.042053	 406.636902	 -2.974663	 728.437683	 413.570099	 -6.118408	 384.397552	 360.619751	 85.977654	 384.518280	 320.394470	 87.062172	 384.454376	 340.482086	 73.875832
752.159851	 406.580444	 -3.002324	 728.541687	 413.464722	 -6.095330	 384.406952	 360.621033	 85.972008	 384.526184	 320.394043	 87.062149	 384.466736	 340.481659	 73.871864
752.306702	 406.520874	 -3.026500	 728.667175	 413.358551	 -6.073601	 384.414185	 360.622253	 85.971306	 384.530579	 320.394287	 87.063362	 384.470367	 340.483063	 73.875092
752.512207	 406.452332	 -3.060462	 728.819153	 413.223511	 -6.039280	 384.416718	 360.620667	 85.972275	 384.533325	 320.393402	 87.065224	 384.470520	 340.483643	 73.877251
752.767517	 406.388885	 -3.107847	 728.991699	 413.064819	 -5.973201	 384.412506	 360.621552	 85.977722	 384.533600	 320.396362	 87.062828	 384.473267	 340.485718	 73.870972
753.052795	 406.333435	 -3.147307	 729.190186	 412.909637	 -5.921808	 384.413574	 360.621948	 85.974121	 384.531281	 320.397675	 87.060768	 384.473572	 340.487762	 73.866196
753.338501	 406.287933	 -3.154308	 729.393738	 412.792358	 -5.878067	 384.413818	 360.624146	 85.967522	 384.529449	 320.398163	 87.057709	 384.469482	 340.486664	 73.869499
753.608337	 406.275482	 -3.148685	 729.578552	 412.716431	 -5.813657	 384.409058	 360.628326	 85.970116	 384.527588	 320.401337	 87.058830	 384.468414	 340.489716	 73.867622
753.878479	 406.279541	 -3.151128	 729.747803	 412.643433	 -5.733286	 384.408997	 360.628052	 85.969360	 384.524933	 320.401093	 87.063454	 384.466797	 340.490234	 73.864281
754.157166	 406.287292	 -3.165685	 729.904968	 412.560394	 -5.674259	 384.406097	 360.627869	 85.965149	 384.525879	 320.400848	 87.053627	 384.463379	 340.488831	 73.863098
754.405090	 406.309814	 -3.184974	 730.041687	 412.489807	 -5.631387	 384.401001	 360.628204	 85.957947	 384.523712	 320.401215	 87.047195	 384.461548	 340.492279	 73.860336
754.619873	 406.332153	 -3.195553	 730.159363	 412.439087	 -5.579569	 384.397705	 360.625946	 85.956406	 384.516632	 320.399628	 87.051147	 384.455109	 340.488922	 73.864525
754.814148	 406.355377	 -3.197828	 730.261414	 412.402588	 -5.523399	 384.393433	 360.626404	 85.962440	 384.514221	 320.400024	 87.048943	 384.450500	 340.487976	 73.862099
754.998901	 406.383759	 -3.203820	 730.358459	 412.373993	 -5.466168	 384.390625	 360.627808	 85.961319	 384.512665	 320.400116	 87.048462	 384.450500	 340.489899	 73.859810
755.180847	 406.410736	 -3.210508	 730.459106	 412.349548	 -5.415375	 384.387146	 360.627045	 85.962791	 384.506927	 320.399994	 87.054367	 384.445587	 340.488983	 73.860863
755.362305	 406.436218	 -3.219446	 730.547791	 412.323730	 -5.357087	 384.383148	 360.629395	 85.961845	 384.501251	 320.402374	 87.051079	 384.440369	 340.491943	 73.856865
755.534119	 406.464020	 -3.236591	 730.630859	 412.293762	 -5.314834	 384.380981	 360.630798	 85.958557	 384.498627	 320.403259	 87.049103	 384.439545	 340.494171	 73.852882
755.686401	 406.491547	 -3.252922	 730.702820	 412.267761	 -5.277378	 384.377167	 360.631073	 85.961105	 384.493317	 320.402313	 87.054764	 384.434692	 340.493469	 73.857224
755.809082	 406.521698	 -3.264817	 730.764709	 412.251556	 -5.241098	 384.372681	 360.634125	 85.958412	 384.488892	 320.403961	 87.056068	 384.431305	 340.494995	 73.854866
755.894043	 406.544373	 -3.277141	 730.819519	 412.238342	 -5.211250	 384.370819	 360.631653	 85.964218	 384.489471	 320.403503	 87.054970	 384.430389	 340.493347	 73.858284
755.936707	 406.551544	 -3.281840	 730.857666	 412.228638	 -5.191543	 384.372833	 360.631195	 85.967331	 384.488586	 320.404144	 87.058647	 384.430817	 340.494080	 73.861191
755.941406	 406.545929	 -3.284856	 730.877991	 412.213074	 -5.186689	 384.377167	 360.632996	 85.967499	 384.492493	 320.405670	 87.058609	 384.433899	 340.496796	 73.861641
755.927490	 406.516754	 -3.301888	 730.885010	 412.184113	 -5.195333	 384.384338	 360.631744	 85.960541	 384.499023	 320.403687	 87.056419	 384.438202	 340.493286	 73.866753
755.899414	 406.456879	 -3.328858	 730.881104	 412.145233	 -5.208968	 384.389862	 360.634460	 85.953339	 384.502350	 320.405273	 87.057693	 384.444366	 340.495148	 73.859161
755.863098	 406.387634	 -3.361967	 730.885864	 412.101715	 -5.227728	 384.389160	 360.634460	 85.957138	 384.502533	 320.406921	 87.053192	 384.445740	 340.496918	 73.855164
755.828308	 406.320007	 -3.396268	 730.887878	 412.058319	 -5.238711	 384.381592	 360.634033	 85.952263	 384.495483	 320.406891	 87.046608	 384.439270	 340.495300	 73.853088
755.777161	 406.253510	 -3.420334	 730.875854	 412.011719	 -5.237645	 384.371582	 360.641113	 85.943474	 384.482300	 320.412537	 87.042809	 384.429962	 340.502045	 73.843941
755.717712	 406.184753	 -3.437749	 730.868103	 411.956696	 -5.245487	 384.362274	 360.646973	 85.937202	 384.470734	 320.418701	 87.037682	 384.420776	 340.507629	 73.839233
755.656494	 406.105835	 -3.456533	 730.858826	 411.897522	 -5.258322	 384.348694	 360.655884	 85.932945	 384.455200	 320.427368	 87.033478	 384.410889	 340.515350	 73.832420
755.579712	 406.013763	 -3.473537	 730.837830	 411.828308	 -5.267943	 384.344116	 360.662384	 85.932854	 384.445374	 320.433289	 87.036949	 384.402466	 340.522675	 73.831024
755.484131	 405.901886	 -3.494703	 730.813354	 411.756287	 -5.289063	 384.357147	 360.657196	 85.934242	 384.460144	 320.427246	 87.036125	 384.413361	 340.518097	 73.831749
755.375061	 405.789825	 -3.535457	 730.775269	 411.687347	 -5.313968	 384.372803	 360.653381	 85.934502	 384.474701	 320.423370	 87.039154	 384.426514	 340.513550	 73.837830
755.255066	 405.680206	 -3.578361	 730.724121	 411.611115	 -5.340316	 384.387848	 360.650665	 85.941559	 384.485748	 320.421326	 87.048004	 384.437103	 340.511261	 73.843208
755.122437	 405.549866	 -3.599615	 730.666626	 411.532959	 -5.373114	 384.391327	 360.647186	 85.947853	 384.491394	 320.417572	 87.049995	 384.440186	 340.505829	 73.846230
754.990417	 405.416382	 -3.636755	 730.608093	 411.434113	 -5.407997	 384.383057	 360.647400	 85.952980	 384.488861	 320.419891	 87.043198	 384.429962	 340.506622	 73.854218
754.863586	 405.267487	 -3.677119	 730.551636	 411.295288	 -5.439827	 384.379974	 360.644531	 85.951584	 384.485962	 320.418671	 87.042152	 384.432587	 340.509399	 73.840088
754.729797	 405.096283	 -3.705913	 730.490417	 411.145691	 -5.471008	 384.374115	 360.643066	 85.945694	 384.476837	 320.416565	 87.041801	 384.429077	 340.507568	 73.838440
754.590576	 404.917542	 -3.737281	 730.412659	 410.980591	 -5.487070	 384.368958	 360.642242	 85.947777	 384.471954	 320.416107	 87.039726	 384.419159	 340.506073	 73.851418
754.448059	 404.735748	 -3.772367	 730.323425	 410.804077	 -5.498972	 384.368622	 360.640381	 85.947083	 384.470215	 320.413513	 87.040413	 384.419098	 340.502686	 73.844879
754.299805	 404.538300	 -3.797625	 730.242371	 410.591125	 -5.520216	 384.360901	 360.641266	 85.948013	 384.465942	 320.413879	 87.038963	 384.415741	 340.503723	 73.844391
754.158081	 404.315826	 -3.819200	 730.166565	 410.341644	 -5.552472	 384.356873	 360.639099	 85.946602	 384.461975	 320.412262	 87.037849	 384.408051	 340.502594	 73.844490
754.020691	 404.078613	 -3.848313	 730.073486	 410.121033	 -5.565654	 384.356049	 360.634277	 85.943680	 384.459198	 320.407074	 87.038124	 384.408813	 340.498108	 73.837273
753.877319	 403.843475	 -3.884032	 729.978943	 409.900635	 -5.567210	 384.351959	 360.631805	 85.947678	 384.456604	 320.403564	 87.037643	 384.406158	 340.495148	 73.843376
753.748413	 403.608307	 -3.917522	 729.885681	 409.641266	 -5.591661	 384.357788	 360.627411	 85.956375	 384.464874	 320.399475	 87.039078	 384.410675	 340.492004	 73.846878
753.632202	 403.360168	 -3.936976	 729.807861	 409.369965	 -5.622505	 384.373291	 360.625702	 85.955597	 384.476746	 320.397614	 87.040154	 384.423859	 340.488831	 73.847534
753.530640	 403.108490	 -3.959269	 729.758118	 409.106018	 -5.643030	 384.383942	 360.625488	 85.954689	 384.488708	 320.399902	 87.040199	 384.435059	 340.490662	 73.847870
753.437378	 402.872009	 -3.993517	 729.707520	 408.847504	 -5.645635	 384.399841	 360.623016	 85.958214	 384.504150	 320.396576	 87.048103	 384.450134	 340.488861	 73.848381
753.353455	 402.625000	 -4.010028	 729.637939	 408.522217	 -5.631732	 384.419647	 360.618866	 85.958496	 384.523407	 320.392212	 87.045151	 384.465729	 340.484253	 73.854683
753.293945	 402.339600	 -4.020010	 729.571167	 408.132721	 -5.644356	 384.436768	 360.614166	 85.954964	 384.541199	 320.388184	 87.039780	 384.479034	 340.479492	 73.856239
753.230408	 402.037537	 -4.039815	 729.498230	 407.774200	 -5.660910	 384.455505	 360.606567	 85.958252	 384.559021	 320.380646	 87.043472	 384.495911	 340.470764	 73.860764
753.135315	 401.719421	 -4.030745	 729.416748	 407.378601	 -5.655798	 384.473969	 360.597076	 85.962875	 384.577240	 320.371002	 87.046028	 384.516388	 340.461212	 73.862854
753.034851	 401.378021	 -4.031655	 729.320190	 406.995361	 -5.673913	 384.494415	 360.583496	 85.962296	 384.595367	 320.357880	 87.046936	 384.534454	 340.448944	 73.860741
752.922058	 401.052094	 -4.042678	 729.211426	 406.620056	 -5.668589	 384.511749	 360.564270	 85.962494	 384.613129	 320.338959	 87.045364	 384.548126	 340.430328	 73.865730
752.809570	 400.712067	 -4.058097	 729.122253	 406.243927	 -5.687985	 384.523315	 360.548431	 85.962990	 384.624847	 320.321808	 87.047119	 384.558136	 340.413147	 73.870415
752.706299	 400.375671	 -4.088234	 729.026550	 405.883240	 -5.686255	 384.534973	 360.526581	 85.967194	 384.637177	 320.301056	 87.050446	 384.567566	 340.393890	 73.868347
752.605347	 400.024780	 -4.108071	 728.925293	 405.485962	 -5.681454	 384.542419	 360.502655	 85.970284	 384.649017	 320.277344	 87.053230	 384.580017	 340.369659	 73.865829
752.504700	 399.652435	 -4.109959	 728.835144	 405.081909	 -5.686435	 384.547119	 360.481659	 85.970596	 384.652252	 320.255280	 87.060112	 384.585541	 340.345551	 73.872688
752.412170	 399.275757	 -4.109425	 728.745605	 404.689484	 -5.696765	 384.554596	 360.455688	 85.967888	 384.658112	 320.228333	 87.060455	 384.589783	 340.320374	 73.870697
752.316528	 398.894775	 -4.114627	 728.629639	 404.277344	 -5.689266	 384.556763	 360.431519	 85.965683	 384.661804	 320.203979	 87.058876	 384.593842	 340.297028	 73.862556
752.225647	 398.498138	 -4.138566	 728.537964	 403.855835	 -5.685799	 384.557129	 360.404083	 85.969109	 384.662567	 320.176147	 87.059265	 384.597351	 340.271210	 73.862442
752.143555	 398.104431	 -4.165938	 728.444702	 403.433228	 -5.688881	 384.563202	 360.360657	 85.968307	 384.666107	 320.131256	 87.067177	 384.606293	 340.225189	 73.859253
752.042725	 397.749298	 -4.169696	 728.320435	 403.060211	 -5.674011	 384.572937	 360.304810	 85.965691	 384.672394	 320.072266	 87.074387	 384.614838	 340.164093	 73.858566
751.912659	 397.433594	 -4.150188	 728.191345	 402.743011	 -5.672763	 384.588470	 360.223267	 85.971306	 384.689667	 319.991028	 87.071556	 384.631042	 340.083588	 73.862785
751.805115	 397.128815	 -4.162390	 728.070618	 402.404236	 -5.665381	 384.614105	 360.109161	 85.971153	 384.716797	 319.881317	 87.060669	 384.653015	 339.971283	 73.867050
751.713806	 396.847229	 -4.163657	 727.967407	 402.096222	 -5.661522	 384.647003	 359.976318	 85.961006	 384.740997	 319.752502	 87.049622	 384.674469	 339.840424	 73.868942
751.604309	 396.617584	 -4.148252	 727.856812	 401.852112	 -5.657866	 384.684296	 359.838440	 85.956810	 384.765076	 319.614685	 87.051788	 384.708282	 339.704620	 73.860664
751.504883	 396.407318	 -4.149902	 727.749268	 401.619751	 -5.640620	 384.719818	 359.731873	 85.953125	 384.786774	 319.500793	 87.063484	 384.743164	 339.589203	 73.853874
751.402283	 396.245239	 -4.150863	 727.647217	 401.478149	 -5.644752	 384.745300	 359.668213	 85.955811	 384.801086	 319.434845	 87.071671	 384.765503	 339.523163	 73.851746
751.295288	 396.142578	 -4.134778	 727.551758	 401.402863	 -5.647864	 384.757782	 359.634430	 85.959732	 384.807861	 319.402100	 87.077736	 384.776764	 339.491638	 73.849854
751.219910	 396.081085	 -4.119649	 727.483093	 401.349213	 -5.648859	 384.766266	 359.622864	 85.954506	 384.813568	 319.390106	 87.074753	 384.783508	 339.478027	 73.846390
751.178040	 396.063690	 -4.120262	 727.444519	 401.336792	 -5.655281	 384.779297	 359.610260	 85.958923	 384.829926	 319.379608	 87.069420	 384.793518	 339.466522	 73.850029
751.157349	 396.069794	 -4.103667	 727.431763	 401.348022	 -5.661170	 384.790863	 359.590454	 85.960739	 384.840302	 319.360199	 87.070175	 384.803528	 339.448273	 73.854332
751.155884	 396.098724	 -4.091906	 727.436279	 401.370087	 -5.671262	 384.804413	 359.567596	 85.957764	 384.848846	 319.337585	 87.071609	 384.813568	 339.425201	 73.856071
751.169495	 396.138214	 -4.082125	 727.447998	 401.389008	 -5.670141	 384.827972	 359.527588	 85.960823	 384.875275	 319.300629	 87.067230	 384.834961	 339.386353	 73.862839
751.189331	 396.175476	 -4.058158	 727.460693	 401.413086	 -5.659866	 384.861816	 359.477478	 85.958321	 384.910522	 319.251007	 87.059052	 384.867126	 339.335724	 73.866432
751.213806	 396.224670	 -4.044125	 727.476074	 401.437714	 -5.649768	 384.905701	 359.423401	 85.952606	 384.942261	 319.196991	 87.060806	 384.905670	 339.283569	 73.861290
751.244629	 396.272980	 -4.030345	 727.494812	 401.459320	 -5.643132	 384.946350	 359.362335	 85.952019	 384.974274	 319.136292	 87.059319	 384.941986	 339.223358	 73.857819
751.262390	 396.314789	 -4.001534	 727.509155	 401.485962	 -5.637867	 384.974030	 359.310974	 85.949989	 384.997131	 319.084015	 87.057701	 384.965149	 339.169556	 73.860519
751.284546	 396.358582	 -3.979388	 727.521729	 401.508484	 -5.625050	 385.007965	 359.268707	 85.957558	 385.023987	 319.041382	 87.068192	 384.999329	 339.129822	 73.858109
751.310852	 396.399475	 -3.961954	 727.538574	 401.531616	 -5.624888	 385.060944	 359.229004	 85.962936	 385.073242	 319.000092	 87.082779	 385.052765	 339.089325	 73.860947
751.341492	 396.441711	 -3.952774	 727.552063	 401.556854	 -5.625328	 385.116791	 359.195129	 85.967796	 385.128693	 318.963928	 87.094299	 385.105347	 339.050903	 73.867928
751.377991	 396.485748	 -3.941936	 727.560547	 401.576324	 -5.615179	 385.168915	 359.161621	 85.978325	 385.178345	 318.928253	 87.101318	 385.158783	 339.017059	 73.871841
751.411011	 396.535339	 -3.923640	 727.571228	 401.618805	 -5.618590	 385.207916	 359.132904	 85.982117	 385.215942	 318.900024	 87.104675	 385.197662	 338.987640	 73.880470
751.438477	 396.602509	 -3.895299	 727.575500	 401.692047	 -5.630408	 385.231293	 359.111450	 85.983467	 385.237976	 318.879395	 87.109901	 385.218201	 338.967133	 73.881752
751.469299	 396.667877	 -3.861363	 727.574402	 401.731903	 -5.620317	 385.246979	 359.086395	 85.986130	 385.254761	 318.854645	 87.107468	 385.230652	 338.943298	 73.881699
751.510437	 396.721313	 -3.840007	 727.572754	 401.756317	 -5.612494	 385.261230	 359.056305	 85.986786	 385.270996	 318.826019	 87.106865	 385.244873	 338.912811	 73.886765
