747.332581	 393.101501	 -3.758931	 723.521851	 401.659607	 -5.917363	 387.658295	 357.067047	 85.937370	 387.019836	 316.843201	 87.059425	 387.342194	 336.917358	 73.846458
747.241638	 392.652039	 -3.630468	 723.385986	 401.318298	 -5.950422	 387.658569	 357.063263	 85.941261	 387.023041	 316.841034	 87.056152	 387.344421	 336.916504	 73.843086
747.180054	 392.093170	 -3.479770	 723.209595	 400.872192	 -5.986542	 387.661163	 357.062683	 85.945221	 387.024475	 316.838623	 87.059189	 387.349274	 336.917328	 73.846039
747.107178	 391.417053	 -3.251970	 723.051819	 400.307159	 -6.052683	 387.666931	 357.064026	 85.941833	 387.027161	 316.840027	 87.063271	 387.354187	 336.918732	 73.845413
747.036011	 390.617432	 -2.964505	 722.898499	 399.614716	 -6.191816	 387.670990	 357.062561	 85.938515	 387.033875	 316.838745	 87.060570	 387.357330	 336.913849	 73.843124
746.974304	 389.653229	 -2.579295	 722.695740	 398.783234	 -6.299906	 387.676666	 357.065613	 85.936920	 387.039703	 316.838837	 87.060081	 387.358368	 336.914215	 73.846855
746.932983	 388.435333	 -1.988849	 722.398132	 397.827148	 -6.308959	 387.679291	 357.064972	 85.936867	 387.040283	 316.840759	 87.058723	 387.363495	 336.918243	 73.845795
746.893311	 386.968445	 -1.199263	 722.017395	 396.641418	 -6.077105	 387.678284	 357.064331	 85.934517	 387.040070	 316.841217	 87.053314	 387.363068	 336.916138	 73.847176
746.882202	 385.373718	 -0.406722	 721.502319	 395.182465	 -5.428231	 387.674500	 357.067047	 85.936409	 387.038177	 316.842255	 87.053909	 387.355377	 336.917969	 73.852661
746.874817	 383.648834	 0.569650	 720.807373	 393.501801	 -4.362199	 387.671722	 357.065491	 85.941978	 387.038330	 316.841553	 87.051559	 387.354004	 336.918579	 73.844872
746.846741	 381.772156	 1.861173	 719.982056	 391.616730	 -2.934282	 387.671021	 357.065979	 85.938522	 387.035828	 316.842194	 87.054092	 387.356140	 336.918488	 73.839355
746.786255	 379.763977	 3.492057	 719.160645	 389.542053	 -1.217132	 387.667206	 357.065491	 85.941208	 387.029144	 316.842285	 87.062050	 387.353210	 336.918060	 73.844727
746.707214	 377.642365	 5.408608	 718.424438	 387.301178	 0.737556	 387.667969	 357.063599	 85.939507	 387.029480	 316.839355	 87.058395	 387.352417	 336.914825	 73.844330
746.629089	 375.458618	 7.497286	 717.749817	 384.934387	 2.885824	 387.669006	 357.065460	 85.935692	 387.031555	 316.840820	 87.054176	 387.351196	 336.915802	 73.847183
746.528931	 373.204315	 9.771771	 717.104553	 382.472870	 5.218957	 387.668365	 357.065216	 85.938866	 387.032104	 316.841583	 87.055023	 387.351501	 336.917480	 73.844200
746.427002	 370.870422	 12.184682	 716.500305	 379.945618	 7.687332	 387.671509	 357.063690	 85.938385	 387.034119	 316.838959	 87.056038	 387.355865	 336.915710	 73.839317
746.290833	 368.486145	 14.753268	 715.889282	 377.366364	 10.317124	 387.671936	 357.066101	 85.936928	 387.034058	 316.840759	 87.056557	 387.358246	 336.919037	 73.837685
746.102112	 366.057587	 17.491796	 715.211731	 374.745880	 13.154222	 387.672668	 357.065918	 85.937119	 387.036682	 316.841980	 87.052887	 387.360657	 336.919800	 73.836006
745.835205	 363.597076	 20.414934	 714.406311	 372.126282	 16.258524	 387.676697	 357.065430	 85.936714	 387.040009	 316.841187	 87.050690	 387.366058	 336.917816	 73.836105
745.443054	 361.110199	 23.565742	 713.419739	 369.539429	 19.655540	 387.678864	 357.066193	 85.932861	 387.042755	 316.841705	 87.048645	 387.364258	 336.917908	 73.840805
744.922424	 358.579468	 26.941425	 712.222107	 367.009918	 23.343515	 387.680420	 357.064117	 85.931030	 387.045746	 316.839600	 87.048653	 387.365143	 336.917145	 73.836151
744.304321	 356.013062	 30.463762	 710.832275	 364.549042	 27.281124	 387.679047	 357.064636	 85.934189	 387.043488	 316.838196	 87.052460	 387.369629	 336.917267	 73.830963
743.583069	 353.388641	 34.130089	 709.273315	 362.146057	 31.426188	 387.678986	 357.065277	 85.933914	 387.040009	 316.838501	 87.050209	 387.364990	 336.919037	 73.834763
742.753601	 350.707153	 37.923409	 707.565125	 359.800049	 35.699047	 387.676697	 357.061737	 85.931892	 387.039581	 316.837067	 87.045013	 387.360870	 336.915161	 73.836365
741.810120	 348.002991	 41.816181	 705.673645	 357.530396	 40.071030	 387.671936	 357.062653	 85.934837	 387.035187	 316.839752	 87.046707	 387.358368	 336.915863	 73.830482
740.716064	 345.290253	 45.845818	 703.566833	 355.361786	 44.550030	 387.672668	 357.064087	 85.934662	 387.033386	 316.842010	 87.048347	 387.357788	 336.918945	 73.831787
739.456848	 342.562134	 50.009296	 701.202820	 353.304749	 49.164448	 387.672791	 357.063232	 85.934311	 387.035248	 316.839752	 87.050293	 387.357147	 336.917297	 73.836998
737.988037	 339.846741	 54.294140	 698.533203	 351.384674	 53.910519	 387.670654	 357.065796	 85.933563	 387.030823	 316.841522	 87.056534	 387.356171	 336.918549	 73.835869
736.280762	 337.158844	 58.699112	 695.498718	 349.619568	 58.803669	 387.670776	 357.065399	 85.935898	 387.028442	 316.841248	 87.057480	 387.353394	 336.918182	 73.842285
734.318054	 334.514862	 63.175831	 692.098328	 348.007721	 63.801216	 387.669128	 357.066528	 85.937820	 387.030731	 316.841766	 87.057053	 387.354095	 336.916412	 73.845505
732.060120	 331.917267	 67.701355	 688.353516	 346.516235	 68.845093	 387.667847	 357.067474	 85.938133	 387.032990	 316.843719	 87.054428	 387.355591	 336.918488	 73.845276
729.506470	 329.380615	 72.204796	 684.270813	 345.135071	 73.872665	 387.672516	 357.063416	 85.938240	 387.037170	 316.840118	 87.051590	 387.358063	 336.917847	 73.845535
726.639282	 326.926575	 76.636948	 679.840332	 343.885162	 78.853012	 387.675598	 357.064453	 85.936295	 387.041443	 316.840607	 87.048378	 387.360107	 336.917603	 73.842072
723.425720	 324.543915	 81.013741	 675.007935	 342.813629	 83.797737	 387.677979	 357.065857	 85.934891	 387.044556	 316.842529	 87.044395	 387.361053	 336.918457	 73.841187
719.823120	 322.254059	 85.344223	 669.735962	 342.016663	 88.678787	 387.681458	 357.063934	 85.929428	 387.044708	 316.839813	 87.049698	 387.361053	 336.915314	 73.845947
715.776672	 320.099823	 89.606033	 664.038818	 341.552521	 93.459114	 387.679230	 357.065948	 85.931152	 387.042786	 316.842773	 87.055267	 387.361847	 336.918152	 73.845871
711.270691	 318.094604	 93.773979	 657.987488	 341.368622	 98.070244	 387.680908	 357.065948	 85.932373	 387.041199	 316.843262	 87.060699	 387.361633	 336.918488	 73.849426
706.293823	 316.232697	 97.815384	 651.665283	 341.365417	 102.419319	 387.683289	 357.065765	 85.933090	 387.041656	 316.841309	 87.059380	 387.362122	 336.916992	 73.848198
700.852173	 314.527069	 101.686577	 645.093506	 341.514923	 106.469009	 387.680450	 357.065918	 85.935059	 387.041077	 316.844238	 87.059715	 387.363007	 336.921417	 73.842743
694.971191	 312.962952	 105.413239	 638.255066	 341.819366	 110.212250	 387.681580	 357.062714	 85.933815	 387.043854	 316.842285	 87.061134	 387.366425	 336.919983	 73.843582
688.707642	 311.475800	 108.983887	 631.131226	 342.331207	 113.682320	 387.682037	 357.064392	 85.935486	 387.041199	 316.839874	 87.063080	 387.365112	 336.916901	 73.843933
682.079529	 310.028107	 112.321053	 623.732422	 343.074280	 116.881500	 387.681610	 357.064819	 85.937729	 387.039886	 316.840271	 87.061531	 387.363129	 336.915955	 73.849640
675.032349	 308.658752	 115.308884	 616.125854	 344.010986	 119.696709	 387.683807	 357.061676	 85.938957	 387.046234	 316.838684	 87.053612	 387.368347	 336.915497	 73.846169
667.501892	 307.410339	 117.852455	 608.357483	 345.075867	 122.025764	 387.683044	 357.063782	 85.942795	 387.046448	 316.840607	 87.055656	 387.369720	 336.916809	 73.844826
659.510193	 306.275085	 119.898216	 600.460449	 346.238129	 123.804535	 387.684509	 357.063721	 85.940170	 387.047180	 316.839722	 87.057259	 387.371124	 336.915710	 73.844032
651.155396	 305.214874	 121.402061	 592.415833	 347.560913	 125.110092	 387.687927	 357.062439	 85.938698	 387.050720	 316.838043	 87.056870	 387.372345	 336.913025	 73.839546
642.522278	 304.230133	 122.364639	 584.209045	 349.240204	 126.097260	 387.691284	 357.064301	 85.938385	 387.052704	 316.840790	 87.053436	 387.373413	 336.916260	 73.836044
633.665466	 303.340149	 122.896828	 575.902527	 351.375092	 126.866287	 387.694275	 357.062988	 85.936394	 387.055908	 316.838470	 87.052223	 387.376221	 336.916046	 73.834389
624.653442	 302.569519	 123.099937	 567.577942	 353.867218	 127.448212	 387.695251	 357.063263	 85.935623	 387.056488	 316.837067	 87.055176	 387.378479	 336.914154	 73.833076
615.588196	 301.930603	 123.029648	 559.322510	 356.532318	 127.776154	 387.694458	 357.062836	 85.932434	 387.056183	 316.837097	 87.048904	 387.379242	 336.915619	 73.830605
606.590271	 301.379974	 122.677467	 551.170349	 359.216400	 127.755020	 387.692200	 357.059021	 85.931694	 387.056763	 316.834412	 87.045212	 387.376923	 336.914276	 73.834274
597.743530	 300.820709	 122.021431	 543.131653	 361.868195	 127.231667	 387.690338	 357.059875	 85.931038	 387.055237	 316.835693	 87.045570	 387.375305	 336.913269	 73.836540
589.087219	 300.185974	 121.054817	 535.219116	 364.474701	 126.083580	 387.688019	 357.059509	 85.928970	 387.052765	 316.835754	 87.044846	 387.374054	 336.913727	 73.833519
580.583130	 299.496368	 119.755318	 527.477356	 367.083527	 124.298721	 387.684875	 357.056458	 85.926750	 387.046143	 316.833954	 87.045250	 387.369537	 336.910675	 73.835320
572.209778	 298.822296	 118.052994	 519.977234	 369.690552	 121.997276	 387.681458	 357.057739	 85.929100	 387.042023	 316.835480	 87.045197	 387.364197	 336.910583	 73.838486
563.983459	 298.205719	 116.040436	 512.767395	 372.207855	 119.390625	 387.680115	 357.058411	 85.929321	 387.041443	 316.835571	 87.046082	 387.363556	 336.910675	 73.835510
555.972839	 297.628479	 113.872787	 505.900818	 374.554810	 116.618622	 387.677948	 357.056915	 85.931244	 387.041412	 316.834259	 87.046783	 387.363281	 336.909882	 73.833267
548.248535	 297.059784	 111.622437	 499.404449	 376.695129	 113.829437	 387.677490	 357.058441	 85.931282	 387.041260	 316.835541	 87.044617	 387.362244	 336.912445	 73.832726
540.833618	 296.507050	 109.303246	 493.284912	 378.572113	 111.141594	 387.680847	 357.057770	 85.928406	 387.042328	 316.834351	 87.046677	 387.364471	 336.911072	 73.833839
533.730164	 296.030273	 106.977776	 487.549530	 380.166473	 108.604454	 387.682220	 357.057068	 85.931145	 387.044464	 316.833496	 87.050270	 387.369934	 336.910004	 73.827324
526.947937	 295.629181	 104.731728	 482.207001	 381.553131	 106.227905	 387.684540	 357.057678	 85.930450	 387.047302	 316.834564	 87.047821	 387.370117	 336.911438	 73.834793
520.507874	 295.240753	 102.575821	 477.241425	 382.808380	 104.050209	 387.684967	 357.054047	 85.931999	 387.049438	 316.832397	 87.047623	 387.374298	 336.911072	 73.835205
514.411194	 294.829559	 100.441582	 472.621948	 383.957092	 102.055580	 387.684357	 357.054199	 85.938217	 387.050751	 316.833374	 87.044312	 387.374695	 336.909424	 73.833038
508.657074	 294.361877	 98.335144	 468.301422	 384.941498	 100.156975	 387.688873	 357.057037	 85.928169	 387.051575	 316.834534	 87.043419	 387.375305	 336.910004	 73.832237
503.274811	 293.779938	 96.319199	 464.208740	 385.687836	 98.322716	 387.690765	 357.057281	 85.925240	 387.053314	 316.834015	 87.046280	 387.377167	 336.909698	 73.829643
498.248352	 293.088928	 94.409691	 460.313843	 386.208954	 96.537094	 387.690033	 357.058411	 85.926941	 387.052826	 316.835571	 87.045799	 387.373474	 336.911194	 73.835304
493.513275	 292.377838	 92.554749	 456.645966	 386.598663	 94.737007	 387.690704	 357.056702	 85.925484	 387.051666	 316.834717	 87.045998	 387.373260	 336.911041	 73.833267
489.034515	 291.707214	 90.804482	 453.253265	 386.988251	 92.896553	 387.691742	 357.055817	 85.924385	 387.054840	 316.833710	 87.041969	 387.376892	 336.910736	 73.831345
484.813019	 291.073578	 89.304909	 450.148010	 387.390289	 91.011124	 387.689423	 357.057312	 85.928528	 387.055969	 316.835632	 87.042320	 387.376740	 336.912750	 73.829872
480.864136	 290.414917	 88.034264	 447.267273	 387.685181	 89.093529	 387.691223	 357.055634	 85.930069	 387.058472	 316.833466	 87.044029	 387.378540	 336.910522	 73.829468
477.188599	 289.698151	 86.884377	 444.537628	 387.797577	 87.153503	 387.691589	 357.057037	 85.930611	 387.056396	 316.832458	 87.044235	 387.377350	 336.909882	 73.832214
473.755951	 288.926880	 85.814964	 441.932953	 387.719116	 85.222153	 387.690125	 357.058014	 85.934242	 387.054138	 316.832581	 87.045349	 387.372986	 336.910034	 73.836884
470.538177	 288.143341	 84.825996	 439.462585	 387.491730	 83.325722	 387.691833	 357.055573	 85.931358	 387.055389	 316.830017	 87.045952	 387.377350	 336.906952	 73.834114
467.502808	 287.392883	 83.923836	 437.145172	 387.203552	 81.507965	 387.687988	 357.056885	 85.934311	 387.053009	 316.832550	 87.044594	 387.380127	 336.910095	 73.828941
464.612488	 286.743164	 83.083237	 434.983917	 386.950867	 79.820992	 387.687927	 357.055908	 85.932747	 387.053009	 316.834045	 87.045807	 387.377197	 336.910004	 73.830933
461.810516	 286.287872	 82.310989	 433.033478	 386.882416	 78.292274	 387.688568	 357.053589	 85.929771	 387.053802	 316.832489	 87.044930	 387.377319	 336.907654	 73.829018
459.082123	 286.090912	 81.559380	 431.365082	 387.074646	 76.913429	 387.687439	 357.057190	 85.927155	 387.051331	 316.835266	 87.038803	 387.373383	 336.910217	 73.833206
456.431427	 286.161346	 80.796906	 429.966431	 387.483673	 75.684212	 387.686218	 357.057190	 85.925255	 387.047638	 316.833527	 87.041168	 387.368622	 336.909851	 73.838509
453.864014	 286.478088	 80.012611	 428.780609	 388.056305	 74.614037	 387.680176	 357.056610	 85.928207	 387.044891	 316.833313	 87.041428	 387.367798	 336.910492	 73.836227
451.405823	 286.987579	 79.198074	 427.780121	 388.737274	 73.704506	 387.676849	 357.057159	 85.930305	 387.041931	 316.835480	 87.042038	 387.364227	 336.912323	 73.834518
449.094574	 287.578796	 78.343742	 426.925934	 389.461487	 72.963844	 387.676514	 357.054535	 85.929405	 387.041504	 316.832031	 87.040947	 387.362457	 336.908264	 73.834373
446.953278	 288.135101	 77.488258	 426.143860	 390.122406	 72.368355	 387.673950	 357.056732	 85.926842	 387.039032	 316.833008	 87.040604	 387.360107	 336.909363	 73.832718
444.981964	 288.594177	 76.692650	 425.316498	 390.531647	 71.885826	 387.672516	 357.055939	 85.926376	 387.036804	 316.834381	 87.041084	 387.356873	 336.910431	 73.836945
443.176239	 288.903290	 75.996849	 424.377899	 390.564758	 71.419266	 387.670776	 357.052856	 85.927803	 387.033997	 316.831909	 87.044106	 387.357849	 336.907806	 73.832619
441.542511	 289.030182	 75.338676	 423.334229	 390.185822	 70.814491	 387.668213	 357.056763	 85.930023	 387.031158	 316.834137	 87.045372	 387.357758	 336.911865	 73.824249
440.069885	 288.945831	 74.704048	 422.209686	 389.397766	 69.973206	 387.668152	 357.056305	 85.931496	 387.033142	 316.834076	 87.041458	 387.354828	 336.912262	 73.831482
438.731995	 288.706635	 74.132141	 421.043518	 388.279327	 68.908684	 387.666656	 357.055237	 85.933228	 387.030640	 316.832520	 87.044029	 387.354126	 336.909180	 73.832527
437.502777	 288.394958	 73.694420	 419.906158	 386.940521	 67.748344	 387.664276	 357.055817	 85.930763	 387.028198	 316.832794	 87.039268	 387.348877	 336.909882	 73.833824
436.378998	 288.000732	 73.429184	 418.861145	 385.496918	 66.657417	 387.660400	 357.053223	 85.931969	 387.027344	 316.831177	 87.036728	 387.347137	 336.908081	 73.833733
435.346466	 287.522217	 73.277550	 417.911041	 384.056305	 65.800453	 387.656097	 357.055756	 85.935783	 387.023163	 316.831451	 87.042053	 387.347412	 336.909088	 73.833183
434.383881	 286.988373	 73.160400	 417.055603	 382.673004	 65.199654	 387.657135	 357.055115	 85.934105	 387.023163	 316.831177	 87.040634	 387.341705	 336.907593	 73.836182
433.461823	 286.456451	 73.087433	 416.278473	 381.317932	 64.786591	 387.654633	 357.052307	 85.922440	 387.014679	 316.827728	 87.038231	 387.333923	 336.902313	 73.831215
432.549042	 286.032837	 73.119568	 415.839325	 380.337952	 64.447670	 387.633453	 357.047821	 85.924400	 386.995422	 316.823212	 87.037544	 387.322540	 336.901855	 73.823601
431.617950	 285.886993	 73.269005	 415.782135	 379.911407	 64.220787	 387.621826	 357.038574	 85.931190	 386.988403	 316.815308	 87.036224	 387.313965	 336.895233	 73.823921
430.645660	 286.128571	 73.470711	 415.664764	 379.508392	 64.197021	 387.612152	 357.026581	 85.931847	 386.979279	 316.802429	 87.036819	 387.305939	 336.880859	 73.824486
429.649933	 286.675079	 73.610939	 415.426483	 379.055328	 64.203171	 387.584717	 356.996704	 85.930969	 386.950806	 316.773621	 87.034462	 387.278656	 336.851837	 73.826805
428.640381	 287.408325	 73.603859	 415.154266	 378.730011	 64.088997	 387.529907	 356.944977	 85.925591	 386.905426	 316.723297	 87.030876	 387.231598	 336.799957	 73.826065
427.618286	 288.331757	 73.399605	 414.797241	 378.420502	 63.974911	 387.459198	 356.884644	 85.925758	 386.852356	 316.663055	 87.023911	 387.175140	 336.740753	 73.818420
425.571503	 291.166351	 72.685036	 414.265564	 377.887390	 63.756447	 387.366669	 356.760498	 85.922211	 386.773987	 316.540161	 87.041618	 387.086456	 336.618439	 73.827072
424.576538	 293.127289	 72.185150	 414.200287	 377.761658	 63.650032	 387.357269	 356.718292	 85.921532	 386.770172	 316.496979	 87.041222	 387.080414	 336.574951	 73.816833
423.618927	 295.325592	 71.568550	 414.214813	 377.687073	 63.548367	 387.371399	 356.699829	 85.919228	 386.784088	 316.476410	 87.041656	 387.088409	 336.556641	 73.823959
422.755951	 297.071075	 71.114334	 414.203857	 377.636658	 63.466839	 387.352722	 356.704163	 85.917648	 386.768127	 316.482178	 87.041466	 387.070984	 336.558777	 73.829315
422.051941	 297.828949	 71.026466	 414.044922	 377.552216	 63.513958	 387.245667	 356.725983	 85.904663	 386.672424	 316.505096	 87.019020	 386.982513	 336.578186	 73.804932
421.484070	 298.256836	 71.046898	 413.921539	 377.531403	 63.794224	 387.023529	 356.755585	 85.880684	 386.468872	 316.532990	 86.994171	 386.790070	 336.608154	 73.775719
421.013977	 298.645081	 71.075729	 413.947449	 377.632355	 64.176422	 386.750946	 356.793182	 85.858002	 386.207825	 316.570251	 86.988670	 386.538055	 336.647522	 73.776215
420.593811	 298.970032	 71.093567	 413.961914	 377.671783	 64.513229	 386.560455	 356.815521	 85.856476	 385.998199	 316.592560	 86.996620	 386.343628	 336.669312	 73.779274
420.224670	 299.220032	 71.189468	 413.913574	 377.592499	 64.768463	 386.440582	 356.799377	 85.868683	 385.835999	 316.577057	 87.007500	 386.212402	 336.652802	 73.777229
419.900024	 299.409088	 71.363846	 413.823486	 377.491486	 64.945007	 386.309601	 356.772888	 85.871445	 385.661591	 316.549866	 87.002373	 386.071198	 336.624847	 73.783562
419.616241	 299.587646	 71.554657	 413.731293	 377.427429	 65.095718	 386.151001	 356.763672	 85.869804	 385.475861	 316.543396	 86.989906	 385.921326	 336.619690	 73.774757
419.358368	 299.736542	 71.718803	 413.692139	 377.391266	 65.233398	 386.016083	 356.793671	 85.862999	 385.295654	 316.573425	 86.978729	 385.789185	 336.648132	 73.759415
419.116882	 299.842468	 71.834190	 413.757019	 377.364044	 65.307816	 385.974365	 356.898895	 85.862518	 385.125854	 316.678406	 86.981934	 385.702545	 336.748291	 73.762688
418.888367	 299.910187	 71.905945	 413.918579	 377.332184	 65.357513	 386.039185	 357.070282	 85.865753	 384.972412	 316.858337	 86.998146	 385.673798	 336.927094	 73.778404
418.670837	 299.942017	 71.983650	 414.096008	 377.287994	 65.449547	 386.130096	 357.256897	 85.876595	 384.824158	 317.053192	 86.995056	 385.663300	 337.116943	 73.786781
418.448303	 299.943787	 72.126892	 414.233215	 377.225708	 65.607170	 386.166687	 357.408813	 85.925804	 384.640259	 317.211243	 87.030212	 385.625031	 337.270081	 73.822060
418.234741	 299.933258	 72.369827	 414.311615	 377.149017	 65.847130	 386.141022	 357.509857	 86.035530	 384.434418	 317.316376	 87.133537	 385.553436	 337.378021	 73.930695
418.024933	 299.936646	 72.784370	 414.355957	 377.089630	 66.201775	 386.070740	 357.605621	 86.257278	 384.222015	 317.417755	 87.343124	 385.464233	 337.476593	 74.157120
417.818512	 299.987335	 73.428070	 414.396912	 377.071320	 66.701736	 386.003021	 357.766632	 86.632599	 384.005035	 317.591461	 87.758377	 385.378235	 337.624359	 74.552109
417.621857	 300.100220	 74.327057	 414.447052	 377.108521	 67.336418	 385.954834	 358.018951	 87.185883	 383.800964	 317.859467	 88.425667	 385.309662	 337.845245	 75.152451
417.423645	 300.269135	 75.515968	 414.468689	 377.193878	 68.145111	 385.888824	 358.343231	 87.936470	 383.593842	 318.193939	 89.360977	 385.225128	 338.113586	 76.000023
417.223511	 300.452454	 77.002769	 414.421967	 377.284546	 69.183685	 385.772156	 358.671509	 88.915100	 383.368469	 318.533173	 90.565689	 385.098053	 338.370483	 77.114265
417.024963	 300.604492	 78.790359	 414.279419	 377.350006	 70.511017	 385.586395	 358.930084	 90.183762	 383.124908	 318.807770	 92.067009	 384.929718	 338.554596	 78.512581
416.820007	 300.705170	 80.894417	 414.039246	 377.366547	 72.196770	 385.326263	 359.085876	 91.809814	 382.860016	 318.979828	 93.894524	 384.715881	 338.646881	 80.237267
416.618896	 300.733551	 83.329063	 413.740082	 377.312927	 74.268600	 385.032898	 359.131836	 93.821106	 382.593079	 319.034027	 96.089302	 384.475708	 338.637543	 82.338127
416.419098	 300.692047	 86.092270	 413.394653	 377.201477	 76.754761	 384.723785	 359.080566	 96.253632	 382.335052	 318.984253	 98.669975	 384.214691	 338.537811	 84.851028
416.228119	 300.597382	 89.204720	 413.000397	 377.048859	 79.667038	 384.398193	 358.945465	 99.129036	 382.080994	 318.848602	 101.655251	 383.932922	 338.372284	 87.788544
416.046112	 300.451019	 92.597710	 412.583923	 376.854095	 82.996277	 384.078491	 358.722748	 102.465446	 381.861023	 318.627167	 105.053116	 383.657654	 338.134491	 91.154770
415.883667	 300.259583	 96.334396	 412.172760	 376.627228	 86.731522	 383.791687	 358.446503	 106.246002	 381.686554	 318.347351	 108.853256	 383.396637	 337.848297	 94.951660
415.741913	 300.027985	 100.407150	 411.778137	 376.377533	 90.861549	 383.547394	 358.132172	 110.450050	 381.554321	 318.023865	 113.052895	 383.163361	 337.538147	 99.154404
415.645599	 299.771606	 104.796547	 411.402466	 376.113190	 95.387070	 383.348267	 357.770966	 115.099396	 381.478668	 317.652527	 117.659256	 382.966675	 337.196960	 103.759148
415.588013	 299.510712	 109.518684	 411.077393	 375.848938	 100.294319	 383.230835	 357.402283	 120.157845	 381.480865	 317.274048	 122.648720	 382.817474	 336.850769	 108.781693
415.577972	 299.249207	 114.574669	 410.812347	 375.586517	 105.575684	 383.200989	 357.029846	 125.622864	 381.563721	 316.894470	 128.008881	 382.732971	 336.511902	 114.195930
415.622925	 298.981140	 119.929497	 410.586121	 375.323029	 111.205177	 383.235901	 356.641022	 131.463760	 381.713898	 316.492859	 133.738968	 382.701080	 336.159424	 119.978241
415.719666	 298.711212	 125.566315	 410.389801	 375.057861	 117.146179	 383.323883	 356.232758	 137.641602	 381.933472	 316.071808	 139.786209	 382.723022	 335.791687	 126.084946
415.871521	 298.445953	 131.455643	 410.222687	 374.793213	 123.362846	 383.464325	 355.812805	 144.117813	 382.218781	 315.636292	 146.122147	 382.791016	 335.417603	 132.478470
416.062103	 298.197449	 137.595535	 410.095398	 374.545685	 129.792206	 383.669922	 355.417877	 150.812439	 382.567596	 315.225098	 152.716034	 382.913574	 335.056091	 139.122696
416.301331	 297.976379	 143.949371	 410.018036	 374.319183	 136.399521	 383.932098	 355.049530	 157.725296	 382.985840	 314.851257	 159.526642	 383.089417	 334.718750	 145.991470
416.596222	 297.768646	 150.493240	 409.994446	 374.105225	 143.166962	 384.254456	 354.701111	 164.819229	 383.459045	 314.497894	 166.538422	 383.318207	 334.397430	 153.049744
416.928558	 297.564331	 157.216583	 410.013855	 373.896851	 150.084503	 384.624329	 354.371674	 172.052353	 383.976471	 314.166107	 173.703140	 383.599121	 334.091431	 160.255814
417.306824	 297.359894	 164.069946	 410.073547	 373.684540	 157.124420	 385.025574	 354.039246	 179.405685	 384.531860	 313.835052	 180.987778	 383.927429	 333.783875	 167.569489
417.740845	 297.158508	 171.027420	 410.175720	 373.475067	 164.270416	 385.474854	 353.709564	 186.836319	 385.131042	 313.499603	 188.373138	 384.297272	 333.465118	 174.985352
418.239563	 296.987061	 178.085327	 410.346893	 373.288849	 171.504654	 385.990784	 353.421967	 194.350845	 385.795563	 313.203064	 195.848282	 384.730835	 333.180206	 182.502853
418.803436	 296.856262	 185.249283	 410.617645	 373.147461	 178.802887	 386.601105	 353.201813	 201.938828	 386.529816	 312.976135	 203.438965	 385.255157	 332.960785	 190.108200
419.441315	 296.765564	 192.514511	 410.980804	 373.051208	 186.179062	 387.313385	 353.048096	 209.585892	 387.352722	 312.819183	 211.108521	 385.871460	 332.800598	 197.792038
420.155914	 296.708038	 199.837387	 411.428558	 372.985291	 193.623718	 388.117401	 352.927917	 217.295074	 388.267517	 312.699158	 218.818939	 386.580566	 332.684021	 205.515503
420.941833	 296.661163	 207.180695	 411.966339	 372.934814	 201.129349	 389.007141	 352.810669	 225.052643	 389.266602	 312.585968	 226.535904	 387.368073	 332.578278	 213.280487
421.791534	 296.628143	 214.509720	 412.588196	 372.901550	 208.690475	 389.969666	 352.700500	 232.844437	 390.330261	 312.476624	 234.258301	 388.235535	 332.483154	 221.060287
422.699585	 296.604462	 221.810196	 413.302887	 372.880707	 216.256866	 391.018738	 352.595612	 240.642746	 391.450623	 312.366547	 241.962021	 389.184387	 332.402954	 228.809204
423.668304	 296.571228	 229.039627	 414.096191	 372.855377	 223.810349	 392.136963	 352.468475	 248.393478	 392.637421	 312.237549	 249.575211	 390.196716	 332.310455	 236.509659
424.686646	 296.524872	 236.157578	 414.934052	 372.817108	 231.324738	 393.287201	 352.301849	 256.059631	 393.872406	 312.073181	 257.070557	 391.259735	 332.190369	 244.112823
425.754608	 296.463684	 243.134018	 415.823395	 372.763702	 238.737823	 394.484924	 352.102417	 263.588959	 395.139679	 311.870850	 264.424469	 392.366577	 332.044495	 251.576706
426.871063	 296.397705	 249.945770	 416.763977	 372.706940	 246.012268	 395.724182	 351.895935	 270.940338	 396.440125	 311.655701	 271.596771	 393.511200	 331.890472	 258.861176
428.032166	 296.341034	 256.571228	 417.753143	 372.660065	 253.083038	 396.987244	 351.699249	 278.088776	 397.772186	 311.456116	 278.555511	 394.690613	 331.745331	 265.937134
429.242310	 296.311676	 262.994598	 418.785553	 372.629333	 259.897095	 398.280640	 351.526764	 284.988739	 399.133148	 311.284088	 285.281250	 395.913147	 331.623444	 272.774963
430.478943	 296.311493	 269.179169	 419.851349	 372.627747	 266.432281	 399.605957	 351.401550	 291.594543	 400.524170	 311.155914	 291.735107	 397.166870	 331.536469	 279.331879
431.729187	 296.348907	 275.060760	 420.927368	 372.653992	 272.630463	 400.930969	 351.319824	 297.881042	 401.930023	 311.077606	 297.889954	 398.434204	 331.486633	 285.575012
432.987946	 296.407715	 280.645660	 421.995605	 372.700348	 278.458313	 402.240021	 351.268341	 303.804474	 403.324127	 311.030609	 303.719879	 399.698425	 331.462311	 291.467224
434.248993	 296.492401	 285.885895	 423.038971	 372.765564	 283.904053	 403.520599	 351.249084	 309.334961	 404.700195	 311.010834	 309.188599	 400.948578	 331.457550	 296.983734
435.494507	 296.600372	 290.787659	 424.046356	 372.846100	 288.955414	 404.757050	 351.256226	 314.463440	 406.051178	 311.020721	 314.275391	 402.167358	 331.467224	 302.119446
436.719543	 296.731140	 295.319122	 425.010193	 372.944611	 293.589478	 405.932190	 351.286835	 319.170013	 407.354218	 311.055237	 318.966522	 403.339966	 331.490723	 306.841034
437.894379	 296.888184	 299.446899	 425.917023	 373.068939	 297.771118	 407.025360	 351.350769	 323.437653	 408.585388	 311.124390	 323.230316	 404.451324	 331.543274	 311.110199
438.998169	 297.071625	 303.153168	 426.752991	 373.209351	 301.500763	 408.034241	 351.446381	 327.237274	 409.733307	 311.226257	 327.038330	 405.488647	 331.628815	 314.918945
440.027924	 297.275726	 306.409454	 427.514221	 373.378174	 304.754547	 408.946808	 351.574249	 330.545593	 410.783417	 311.361237	 330.373444	 406.438232	 331.741608	 318.250580
440.966797	 297.507843	 309.194397	 428.180725	 373.570526	 307.527527	 409.745667	 351.721161	 333.361664	 411.716553	 311.516479	 333.219391	 407.281982	 331.872070	 321.083038
441.795258	 297.752441	 311.508362	 428.737122	 373.767120	 309.830902	 410.409454	 351.863800	 335.683685	 412.518677	 311.663086	 335.559021	 408.002502	 332.002045	 323.417877
442.512573	 298.000153	 313.322510	 429.178894	 373.971954	 311.644165	 410.932556	 352.002045	 337.491638	 413.190155	 311.808289	 337.365143	 408.596313	 332.129089	 325.234894
443.121887	 298.260193	 314.593689	 429.511810	 374.182526	 312.938568	 411.335510	 352.145203	 338.767426	 413.737793	 311.959900	 338.629242	 409.075439	 332.264984	 326.501007
443.621887	 298.524078	 315.294739	 429.764923	 374.399261	 313.676697	 411.647003	 352.302856	 339.484650	 414.172150	 312.124634	 339.340302	 409.452423	 332.419342	 327.214569
443.984497	 298.775757	 315.437012	 429.953094	 374.622772	 313.833862	 411.874207	 352.476959	 339.625885	 414.495453	 312.305908	 339.475067	 409.735901	 332.593323	 327.347778
444.213501	 298.994720	 314.960846	 430.054718	 374.820526	 313.411987	 411.997498	 352.625732	 339.182800	 414.689331	 312.459595	 339.002136	 409.905396	 332.750610	 326.882660
444.292358	 299.137451	 313.843262	 430.030731	 374.948425	 312.428467	 411.973602	 352.682190	 338.148804	 414.720673	 312.520630	 337.884796	 409.924500	 332.827332	 325.800812
444.187012	 299.185455	 312.086517	 429.859344	 374.986115	 310.882477	 411.761993	 352.615234	 336.503662	 414.551178	 312.457794	 336.104462	 409.762299	 332.799622	 324.082550
443.899200	 299.154083	 309.701416	 429.530762	 374.944427	 308.759827	 411.354828	 352.442505	 334.227325	 414.173096	 312.288513	 333.658081	 409.411346	 332.683807	 321.711823
443.447876	 299.082703	 306.735901	 429.063049	 374.866425	 306.043396	 410.761292	 352.230377	 331.329376	 413.601471	 312.080414	 330.574493	 408.886108	 332.531067	 318.705322
442.859833	 299.016388	 303.223724	 428.465027	 374.785583	 302.734711	 409.994781	 352.037476	 327.819427	 412.848022	 311.890930	 326.907501	 408.200653	 332.387665	 315.100372
442.145111	 298.959381	 299.211334	 427.736176	 374.717163	 298.827972	 409.055969	 351.882141	 323.703857	 411.925934	 311.739838	 322.679474	 407.365570	 332.270264	 310.916962
441.293549	 298.911102	 294.713257	 426.866180	 374.657135	 294.345795	 407.943359	 351.770050	 318.983246	 410.834503	 311.630707	 317.901917	 406.377045	 332.181671	 306.149475
440.302521	 298.859100	 289.741516	 425.854279	 374.589203	 289.307404	 406.656952	 351.680206	 313.687164	 409.562897	 311.541626	 312.598969	 405.232849	 332.105530	 300.812134
439.182068	 298.785431	 284.325562	 424.687958	 374.497498	 283.760803	 405.181946	 351.569122	 307.859283	 408.124908	 311.435394	 306.777222	 403.938446	 332.001892	 294.945190
437.952087	 298.703522	 278.513580	 423.370544	 374.381439	 277.763000	 403.533997	 351.425262	 301.551208	 406.546143	 311.297455	 300.486633	 402.503479	 331.859375	 288.613190
436.659637	 298.635651	 272.362396	 421.951904	 374.265961	 271.361084	 401.776855	 351.284424	 294.822296	 404.878967	 311.159882	 293.808624	 400.978363	 331.708740	 281.875275
435.348785	 298.597198	 265.947601	 420.512329	 374.188599	 264.581635	 399.996399	 351.203430	 287.735474	 403.187836	 311.085175	 286.837128	 399.435822	 331.604004	 274.810028
434.052155	 298.601410	 259.317871	 419.111206	 374.155243	 257.470184	 398.264435	 351.215454	 280.348511	 401.515381	 311.101440	 279.622681	 397.919739	 331.578003	 267.479828
432.746338	 298.620941	 252.436478	 417.779510	 374.144470	 250.089905	 396.597260	 351.291962	 272.711121	 399.875549	 311.176697	 272.171448	 396.441803	 331.603912	 259.909454
431.415100	 298.607361	 245.302963	 416.524506	 374.120148	 242.496796	 394.990692	 351.372528	 264.873322	 398.257690	 311.255280	 264.524719	 395.008606	 331.635986	 252.143967
430.091156	 298.520752	 237.979401	 415.309723	 374.026855	 234.786194	 393.429352	 351.369293	 256.893555	 396.662323	 311.250824	 256.688354	 393.610840	 331.598877	 244.214478
428.789734	 298.336609	 230.478363	 414.117493	 373.834778	 227.030273	 391.897034	 351.218567	 248.824951	 395.098541	 311.099762	 248.684555	 392.242249	 331.439972	 236.162170
427.529480	 298.067566	 222.856369	 412.966400	 373.559387	 219.262497	 390.417572	 350.946747	 240.721359	 393.586090	 310.824860	 240.597168	 390.920929	 331.180206	 228.049072
426.328888	 297.746643	 215.189896	 411.886627	 373.228699	 211.502594	 389.029510	 350.610870	 232.622192	 392.152863	 310.486816	 232.485153	 389.668274	 330.864716	 219.937469
425.196991	 297.395111	 207.540863	 410.900330	 372.879456	 203.771362	 387.738708	 350.264679	 224.556915	 390.812256	 310.139893	 224.396805	 388.510590	 330.537537	 211.859985
424.149872	 297.039337	 199.959106	 410.022522	 372.528992	 196.072922	 386.556763	 349.947296	 216.563248	 389.564972	 309.812317	 216.406982	 387.451355	 330.221527	 203.855545
423.190979	 296.687653	 192.509186	 409.258118	 372.177490	 188.459915	 385.496155	 349.648438	 208.677094	 388.430878	 309.503510	 208.546448	 386.502106	 329.918274	 195.970718
422.325165	 296.342743	 185.246948	 408.589081	 371.834503	 180.996078	 384.545715	 349.371338	 200.943741	 387.422180	 309.225739	 200.838181	 385.669189	 329.635681	 188.247604
421.562103	 296.028259	 178.182831	 408.028503	 371.507843	 173.703033	 383.725372	 349.132904	 193.395172	 386.517456	 308.993469	 193.366394	 384.949829	 329.387299	 180.722534
420.898804	 295.735168	 171.347549	 407.582275	 371.198669	 166.607147	 383.030396	 348.943665	 186.066025	 385.719116	 308.802795	 186.147369	 384.342010	 329.172485	 173.437500
420.313934	 295.472900	 164.795456	 407.218414	 370.924530	 159.743851	 382.428375	 348.814545	 178.964493	 385.011871	 308.660278	 179.186584	 383.815155	 328.995880	 166.420776
419.796539	 295.264984	 158.541382	 406.923920	 370.695221	 153.126236	 381.904327	 348.740204	 172.114258	 384.382965	 308.577484	 172.518845	 383.364716	 328.870911	 159.673309
419.344391	 295.121521	 152.594742	 406.702148	 370.520813	 146.794769	 381.464203	 348.741852	 165.565521	 383.835083	 308.574249	 166.159653	 382.997864	 328.816254	 153.222198
418.953827	 295.058868	 146.961182	 406.561676	 370.418732	 140.776794	 381.119202	 348.839844	 159.348145	 383.359192	 308.666718	 160.138016	 382.713806	 328.849640	 147.104614
418.610626	 295.056671	 141.648102	 406.508575	 370.378784	 135.086609	 380.861938	 349.002625	 153.499481	 382.950989	 308.827606	 154.471054	 382.496918	 328.958618	 141.339310
418.301727	 295.082428	 136.631348	 406.518738	 370.374756	 129.757706	 380.679382	 349.199127	 148.018829	 382.598053	 309.019775	 149.142670	 382.327423	 329.100922	 135.937180
418.006012	 295.095551	 131.918640	 406.552032	 370.375793	 124.800415	 380.536804	 349.380402	 142.894073	 382.278381	 309.196381	 144.134354	 382.179321	 329.245148	 130.884628
417.730286	 295.078247	 127.482933	 406.579315	 370.360291	 120.211388	 380.402557	 349.498535	 138.135406	 381.986389	 309.312988	 139.431931	 382.040680	 329.346710	 126.161903
417.488800	 295.035126	 123.318474	 406.601196	 370.329102	 115.993576	 380.281677	 349.569061	 133.739197	 381.722565	 309.376160	 135.052734	 381.918549	 329.404236	 121.775703
417.271423	 294.985657	 119.453369	 406.642303	 370.292633	 112.135963	 380.193878	 349.608612	 129.727066	 381.506042	 309.410248	 131.022949	 381.823853	 329.449188	 117.762794
417.087860	 294.937286	 115.877403	 406.712067	 370.265503	 108.615593	 380.155609	 349.638611	 126.091881	 381.343445	 309.437347	 127.344475	 381.756317	 329.490936	 114.119095
416.927612	 294.883636	 112.589584	 406.798615	 370.247162	 105.414986	 380.157166	 349.673096	 122.832069	 381.219482	 309.464447	 124.032410	 381.705505	 329.537018	 110.836357
416.785919	 294.815125	 109.570030	 406.872375	 370.213287	 102.532227	 380.169495	 349.673950	 119.945938	 381.126312	 309.462433	 121.064713	 381.661102	 329.559814	 107.904991
416.659698	 294.716827	 106.809738	 406.897858	 370.158875	 99.937538	 380.175873	 349.628479	 117.370193	 381.051605	 309.414703	 118.397400	 381.602142	 329.534973	 105.282021
416.543610	 294.622375	 104.285904	 406.886963	 370.101013	 97.582779	 380.171539	 349.566620	 115.075279	 380.986511	 309.350311	 116.012207	 381.534729	 329.500153	 102.925133
416.443268	 294.557434	 101.999382	 406.871063	 370.068329	 95.427155	 380.173798	 349.526276	 113.026794	 380.948883	 309.311340	 113.878235	 381.471344	 329.483154	 100.823341
416.356812	 294.535278	 99.944183	 406.854828	 370.076538	 93.447815	 380.194550	 349.539581	 111.164406	 380.934784	 309.322113	 111.982147	 381.415161	 329.497925	 98.953743
416.281036	 294.562836	 98.107986	 406.861542	 370.122345	 91.612915	 380.235199	 349.613983	 109.473228	 380.936188	 309.390167	 110.305717	 381.383148	 329.566040	 97.270325
416.224243	 294.645935	 96.470291	 406.908844	 370.222931	 89.906494	 380.306366	 349.764832	 107.933289	 380.953918	 309.538910	 108.822319	 381.372253	 329.702667	 95.754791
416.175354	 294.778168	 95.012283	 406.989655	 370.378479	 88.329109	 380.399323	 349.999756	 106.527100	 380.973938	 309.777435	 107.501038	 381.387848	 329.911621	 94.371529
416.133087	 294.944977	 93.703552	 407.093048	 370.561859	 86.879303	 380.499817	 350.280518	 105.234688	 380.992828	 310.060486	 106.294243	 381.410889	 330.163971	 93.111938
416.092072	 295.128204	 92.505074	 407.205475	 370.763977	 85.555107	 380.597046	 350.580963	 104.016716	 381.006683	 310.362183	 105.149094	 381.438141	 330.435211	 91.936378
416.051331	 295.328857	 91.394142	 407.347076	 370.995453	 84.327553	 380.705444	 350.914063	 102.861015	 381.014526	 310.694427	 104.054771	 381.479614	 330.739288	 90.819397
416.014130	 295.553192	 90.360657	 407.525787	 371.252686	 83.190834	 380.832489	 351.280609	 101.759598	 381.014099	 311.059113	 103.021751	 381.533020	 331.086670	 89.762093
415.990540	 295.800812	 89.361237	 407.713165	 371.536163	 82.137398	 380.966217	 351.663452	 100.709862	 381.016296	 311.441498	 102.030357	 381.600952	 331.456787	 88.738968
415.969269	 296.065399	 88.357124	 407.892944	 371.831055	 81.138840	 381.087189	 352.029602	 99.699921	 381.021423	 311.808960	 101.035698	 381.669281	 331.818878	 87.733940
415.929688	 296.311310	 87.335220	 408.040710	 372.103577	 80.170654	 381.167877	 352.338715	 98.706993	 381.009827	 312.120056	 99.984505	 381.712524	 332.142395	 86.712418
415.873444	 296.519440	 86.264137	 408.138336	 372.345459	 79.223572	 381.203491	 352.585083	 97.692986	 380.970581	 312.366699	 98.869728	 381.729828	 332.417633	 85.646332
415.802307	 296.702515	 85.133514	 408.193878	 372.561340	 78.271690	 381.194672	 352.779968	 96.642540	 380.898743	 312.556427	 97.710426	 381.709137	 332.645050	 84.538857
415.724548	 296.877167	 83.973526	 408.195068	 372.761475	 77.310341	 381.139343	 352.941803	 95.572540	 380.805298	 312.711487	 96.521111	 381.655579	 332.839783	 83.406807
415.642883	 297.076416	 82.827866	 408.164703	 372.989014	 76.341171	 381.059570	 353.119781	 94.489548	 380.706543	 312.888855	 95.325073	 381.591370	 333.049774	 82.276100
415.558777	 297.326233	 81.731178	 408.134216	 373.261719	 75.345268	 380.984863	 353.354095	 93.407761	 380.614960	 313.126678	 94.157272	 381.528076	 333.312439	 81.151947
415.489258	 297.625977	 80.678871	 408.109528	 373.575775	 74.337280	 380.931854	 353.652313	 92.347984	 380.539032	 313.423798	 93.055641	 381.471741	 333.621918	 80.070656
415.434479	 297.975433	 79.665192	 408.089203	 373.930786	 73.319977	 380.895844	 354.008545	 91.319695	 380.485840	 313.777893	 92.017670	 381.427124	 333.975891	 79.042046
415.388275	 298.355011	 78.714325	 408.073029	 374.310974	 72.286446	 380.868866	 354.404053	 90.323654	 380.447205	 314.175018	 91.052834	 381.389465	 334.362274	 78.056610
415.355927	 298.742249	 77.798897	 408.054779	 374.702301	 71.237511	 380.848999	 354.814362	 89.340019	 380.422729	 314.585358	 90.136497	 381.355103	 334.754486	 77.103088
415.341431	 299.127991	 76.901169	 408.030334	 375.084717	 70.194191	 380.839478	 355.216827	 88.372055	 380.419281	 314.986633	 89.242142	 381.331512	 335.132813	 76.174484
415.348328	 299.488892	 76.019592	 408.005524	 375.438873	 69.170044	 380.841034	 355.588776	 87.433121	 380.435181	 315.359589	 88.385986	 381.319244	 335.480499	 75.274635
415.373108	 299.809052	 75.141861	 407.984131	 375.757782	 68.172523	 380.841675	 355.911804	 86.527397	 380.460602	 315.682709	 87.562782	 381.312195	 335.783356	 74.405312
415.418518	 300.105927	 74.297379	 407.964508	 376.035492	 67.219032	 380.858521	 356.183960	 85.678551	 380.513367	 315.962616	 86.772316	 381.328278	 336.050507	 73.588753
415.623566	 300.323608	 73.881836	 408.127716	 376.242432	 66.842049	 381.148315	 356.411499	 85.491898	 380.807159	 316.192810	 86.596779	 381.533417	 336.269989	 73.367897
415.972931	 300.471100	 73.939774	 408.407471	 376.462219	 66.899567	 381.567719	 356.608124	 85.820770	 381.256592	 316.380341	 86.959602	 381.874512	 336.446838	 73.745399
416.176544	 300.588348	 73.728432	 408.592590	 376.602875	 66.775230	 381.818787	 356.717010	 85.862572	 381.514252	 316.488098	 86.970169	 382.057129	 336.566772	 73.763672
416.326202	 300.606049	 73.435722	 408.686401	 376.687195	 66.514259	 381.998718	 356.762177	 85.757538	 381.708801	 316.526703	 86.852638	 382.178070	 336.605530	 73.643883
416.538239	 300.623840	 73.350571	 408.711853	 376.710205	 66.475037	 382.126862	 356.716614	 85.809410	 381.932953	 316.491882	 86.906609	 382.306213	 336.571503	 73.703911
416.735474	 300.582977	 73.281372	 408.709808	 376.702545	 66.441895	 382.213531	 356.626434	 85.835228	 382.116638	 316.400177	 86.928101	 382.397827	 336.481140	 73.728622
416.924835	 300.545898	 73.194687	 408.736664	 376.704041	 66.367241	 382.318024	 356.568359	 85.828659	 382.288116	 316.339844	 86.935959	 382.505524	 336.422394	 73.712387
417.128357	 300.486328	 73.139290	 408.781281	 376.714294	 66.348442	 382.425598	 356.515289	 85.871620	 382.455261	 316.283630	 86.985146	 382.614532	 336.370911	 73.752472
417.342560	 300.451324	 73.061913	 408.827301	 376.751984	 66.335999	 382.530212	 356.485992	 85.896317	 382.629364	 316.252777	 87.011063	 382.716217	 336.339539	 73.780746
417.577087	 300.413361	 72.996620	 408.865784	 376.807983	 66.337250	 382.644653	 356.474976	 85.914635	 382.818573	 316.240997	 87.026726	 382.829254	 336.325165	 73.805840
417.858307	 300.376312	 72.967613	 408.908020	 376.880493	 66.313354	 382.766022	 356.464661	 85.932983	 383.026581	 316.233673	 87.033623	 382.953461	 336.316925	 73.829468
418.195740	 300.297363	 72.994179	 408.950439	 376.957764	 66.273285	 382.874664	 356.446381	 85.959770	 383.218597	 316.219635	 87.060196	 383.068451	 336.301056	 73.863525
418.580414	 300.133514	 73.078758	 408.986938	 377.025238	 66.232903	 382.937134	 356.439758	 85.976639	 383.326721	 316.212433	 87.086304	 383.134094	 336.294128	 73.883049
419.022064	 299.879089	 73.262047	 409.046295	 377.077393	 66.176285	 382.979980	 356.437439	 85.985641	 383.372803	 316.210480	 87.093430	 383.166168	 336.290680	 73.893280
419.512268	 299.575745	 73.470093	 409.148499	 377.146698	 66.083740	 383.026489	 356.432281	 85.997833	 383.417114	 316.206604	 87.103279	 383.207764	 336.284515	 73.915955
420.063202	 299.256348	 73.697601	 409.281982	 377.239380	 65.926338	 383.073364	 356.428802	 86.016251	 383.463287	 316.204285	 87.120865	 383.251801	 336.283203	 73.926804
420.684021	 298.917236	 73.974907	 409.439941	 377.344788	 65.701645	 383.139923	 356.422546	 86.035667	 383.531158	 316.197388	 87.141670	 383.309540	 336.276611	 73.945488
421.390015	 298.560486	 74.285065	 409.634155	 377.469208	 65.409470	 383.231598	 356.415710	 86.063667	 383.629639	 316.190247	 87.174187	 383.397491	 336.268494	 73.972633
422.188446	 298.188812	 74.635056	 409.879486	 377.618378	 65.026596	 383.338379	 356.406158	 86.102516	 383.745361	 316.182312	 87.220192	 383.500946	 336.261780	 74.003479
423.095367	 297.788849	 75.033363	 410.166260	 377.798553	 64.597313	 383.450745	 356.408813	 86.136444	 383.856293	 316.184509	 87.258446	 383.602570	 336.264252	 74.041954
424.123535	 297.353790	 75.440788	 410.452179	 378.005890	 64.279106	 383.557678	 356.435547	 86.166565	 383.943665	 316.211853	 87.284599	 383.696777	 336.292786	 74.064278
425.238159	 296.951447	 75.732903	 410.753113	 378.072876	 63.990791	 383.585114	 356.468323	 86.146942	 383.943665	 316.244995	 87.262619	 383.709106	 336.325500	 74.042015
426.414276	 296.757385	 75.808205	 411.482208	 378.338196	 64.120422	 383.242188	 356.477295	 85.995178	 383.615814	 316.252075	 87.118698	 383.427551	 336.330048	 73.920784
427.726318	 296.838165	 75.810303	 412.720642	 379.750580	 65.375275	 382.950684	 356.464325	 85.917023	 383.339600	 316.236908	 87.031570	 383.152832	 336.315521	 73.836151
429.273407	 296.826355	 75.768738	 414.255554	 382.347748	 67.535927	 383.022308	 356.451385	 85.960495	 383.430450	 316.226410	 87.073128	 383.220764	 336.306671	 73.881454
431.117432	 296.566467	 75.606682	 416.162964	 385.588531	 70.156822	 383.035065	 356.450500	 85.959587	 383.443329	 316.224487	 87.077339	 383.236115	 336.304504	 73.881630
433.288940	 296.312042	 75.504021	 418.044769	 388.282227	 72.759621	 383.010498	 356.452026	 85.959747	 383.415894	 316.226318	 87.077812	 383.212646	 336.305939	 73.871780
435.796204	 296.250305	 75.595810	 419.579498	 389.766418	 74.776199	 383.021240	 356.449799	 85.963448	 383.423645	 316.223907	 87.084435	 383.222870	 336.305206	 73.876106
438.659332	 296.473450	 75.966721	 421.156738	 390.667999	 76.147690	 383.018799	 356.450439	 85.957397	 383.418640	 316.223938	 87.078911	 383.216949	 336.306671	 73.870903
441.885345	 296.957611	 76.683609	 423.131317	 391.489624	 77.127625	 383.020416	 356.451630	 85.957306	 383.424866	 316.226685	 87.078102	 383.222687	 336.306793	 73.876762
445.484344	 297.671173	 77.801941	 425.370087	 392.123230	 78.004128	 383.026398	 356.450745	 85.956535	 383.427521	 316.224213	 87.076027	 383.222168	 336.303680	 73.879463
449.475708	 298.526520	 79.272514	 427.712189	 392.382446	 78.768982	 383.033264	 356.452026	 85.954109	 383.435913	 316.223877	 87.074066	 383.232361	 336.304352	 73.874138
453.902100	 299.387634	 80.976341	 430.162598	 392.251556	 79.337669	 383.040405	 356.451935	 85.953514	 383.443329	 316.225861	 87.073257	 383.238922	 336.305634	 73.874451
458.828644	 300.128662	 82.797783	 432.750763	 391.697327	 79.766579	 383.051361	 356.452362	 85.950241	 383.452240	 316.226166	 87.071770	 383.246948	 336.303467	 73.874329
464.297913	 300.700500	 84.634209	 435.575775	 390.751373	 80.163216	 383.052734	 356.453827	 85.955475	 383.454651	 316.227844	 87.074646	 383.249786	 336.305725	 73.873543
470.329376	 301.116516	 86.458931	 438.725677	 389.429077	 80.580299	 383.054169	 356.449707	 85.962830	 383.459229	 316.225891	 87.076134	 383.256805	 336.307373	 73.871834
476.937317	 301.411621	 88.263573	 442.255798	 387.677368	 80.964760	 383.057281	 356.450104	 85.955498	 383.459534	 316.224091	 87.077629	 383.257202	 336.304535	 73.869072
484.106140	 301.639465	 90.030510	 446.266174	 385.534393	 81.260750	 383.055634	 356.452148	 85.951035	 383.455750	 316.225433	 87.078133	 383.254761	 336.305573	 73.866692
491.789795	 301.880127	 91.736168	 450.896637	 383.188446	 81.443428	 383.051331	 356.449677	 85.952766	 383.452484	 316.223907	 87.072144	 383.250610	 336.304291	 73.868095
499.900970	 302.252258	 93.359169	 456.167938	 380.668579	 81.586586	 383.046112	 356.452637	 85.954956	 383.447052	 316.225647	 87.073021	 383.244873	 336.305695	 73.869881
508.354675	 302.869141	 94.868462	 461.991425	 377.832367	 81.827347	 383.039703	 356.452789	 85.960052	 383.444977	 316.226898	 87.073051	 383.241089	 336.306732	 73.872978
517.105286	 303.720398	 96.205055	 468.363953	 374.608307	 82.144661	 383.038513	 356.450745	 85.955856	 383.444427	 316.224548	 87.071594	 383.240051	 336.305481	 73.869560
526.127380	 304.743439	 97.338097	 475.299561	 371.035950	 82.493240	 383.038940	 356.453003	 85.952538	 383.443787	 316.227295	 87.073006	 383.239166	 336.307617	 73.870171
535.402710	 305.881866	 98.240059	 482.814545	 367.250824	 82.818352	 383.041473	 356.451569	 85.960693	 383.447144	 316.226959	 87.071396	 383.240845	 336.308685	 73.875931
544.929504	 307.119476	 98.839455	 490.940460	 363.386749	 83.027634	 383.044769	 356.453644	 85.962204	 383.451233	 316.226624	 87.073463	 383.245728	 336.308105	 73.875908
554.661621	 308.509277	 99.051445	 499.708374	 359.549530	 83.031075	 383.050995	 356.457062	 85.957161	 383.455353	 316.230469	 87.075150	 383.251587	 336.311676	 73.869659
564.525146	 310.112732	 98.858192	 509.162079	 355.853912	 82.691376	 383.059570	 356.454498	 85.952866	 383.461304	 316.229553	 87.073990	 383.257263	 336.310852	 73.870293
574.424866	 311.968872	 98.331924	 519.234314	 352.468323	 81.973946	 383.064453	 356.456696	 85.951057	 383.467438	 316.231049	 87.071953	 383.260651	 336.310303	 73.876045
584.254272	 314.102875	 97.574173	 529.763550	 349.540771	 81.017471	 383.066956	 356.457214	 85.954620	 383.470673	 316.232178	 87.075478	 383.264160	 336.310760	 73.878380
593.915100	 316.487091	 96.660126	 540.625732	 347.186249	 79.821014	 383.068451	 356.456085	 85.952461	 383.473450	 316.230835	 87.075302	 383.266022	 336.308319	 73.877174
603.327332	 319.082794	 95.566559	 551.708862	 345.519379	 78.256744	 383.067108	 356.459625	 85.950439	 383.472137	 316.233917	 87.074310	 383.264984	 336.313293	 73.878181
612.392822	 321.881836	 94.210648	 562.892700	 344.573090	 76.239258	 383.067902	 356.460480	 85.952126	 383.470428	 316.234283	 87.075851	 383.261688	 336.314270	 73.879715
621.025024	 324.897675	 92.530945	 574.017944	 344.334900	 73.822250	 383.063507	 356.461823	 85.956497	 383.467743	 316.233948	 87.074051	 383.260101	 336.313660	 73.875023
629.229126	 328.125763	 90.435051	 584.806885	 344.854523	 71.214226	 383.055359	 356.463287	 85.960808	 383.460175	 316.236328	 87.074516	 383.257721	 336.318298	 73.872002
637.057556	 331.508148	 87.841934	 594.980286	 346.147705	 68.534668	 383.052155	 356.462433	 85.957680	 383.456116	 316.235443	 87.075180	 383.256592	 336.319092	 73.868385
644.490540	 335.022736	 84.745720	 604.386230	 348.201385	 65.782623	 383.050354	 356.464539	 85.954041	 383.454773	 316.237671	 87.073212	 383.253113	 336.318329	 73.872078
651.505249	 338.703613	 81.206818	 612.984863	 351.012726	 62.912098	 383.053375	 356.465332	 85.954903	 383.459412	 316.239746	 87.070602	 383.249084	 336.319275	 73.876808
658.052673	 342.563599	 77.351456	 620.876343	 354.463196	 59.856762	 383.056793	 356.463348	 85.956627	 383.462311	 316.236542	 87.077461	 383.253937	 336.317902	 73.875877
664.111450	 346.579315	 73.317978	 628.190430	 358.371185	 56.617962	 383.060883	 356.463867	 85.964058	 383.465240	 316.237640	 87.083427	 383.260681	 336.317993	 73.880409
669.733826	 350.720398	 69.100395	 635.000427	 362.616669	 53.230366	 383.070374	 356.462738	 85.966019	 383.475494	 316.237976	 87.081665	 383.273285	 336.319061	 73.880714
674.948242	 354.936920	 64.684822	 641.312195	 367.175323	 49.691216	 383.078949	 356.461151	 85.967453	 383.486084	 316.236511	 87.080185	 383.283691	 336.316345	 73.876869
679.774719	 359.179962	 60.086452	 647.112427	 372.032776	 46.007484	 383.088104	 356.463715	 85.965744	 383.491669	 316.237793	 87.084816	 383.285492	 336.316681	 73.880920
684.227051	 363.426239	 55.356876	 652.499084	 377.160278	 42.160042	 383.095764	 356.461334	 85.964233	 383.494720	 316.236633	 87.093948	 383.290741	 336.315186	 73.883560
688.300659	 367.717987	 50.575756	 657.607910	 382.500488	 38.189812	 383.099823	 356.460083	 85.968262	 383.499237	 316.234375	 87.093224	 383.297272	 336.314026	 73.887054
692.032959	 372.064728	 45.906799	 662.475098	 387.901428	 34.260536	 383.101440	 356.461182	 85.969269	 383.502594	 316.234802	 87.090393	 383.298401	 336.314484	 73.889343
695.567871	 376.295746	 41.541744	 667.122986	 393.059296	 30.599201	 383.097534	 356.456879	 85.973335	 383.501526	 316.231201	 87.094810	 383.297913	 336.310577	 73.890106
699.069885	 380.205719	 37.552769	 671.610229	 397.636719	 27.404541	 383.092316	 356.455109	 85.976105	 383.498138	 316.228241	 87.094398	 383.292572	 336.309082	 73.889488
702.617065	 383.637939	 34.054279	 675.988525	 401.383209	 24.747931	 383.091278	 356.454987	 85.972610	 383.493439	 316.228729	 87.091385	 383.289856	 336.310089	 73.886101
706.215149	 386.470764	 31.153870	 680.276489	 404.196716	 22.586599	 383.088013	 356.452637	 85.973923	 383.490326	 316.228088	 87.093086	 383.287994	 336.307404	 73.890915
709.819397	 388.694641	 28.823317	 684.467102	 406.188843	 20.760067	 383.082886	 356.452698	 85.978844	 383.488770	 316.229828	 87.096329	 383.281128	 336.307312	 73.897629
713.340515	 390.371307	 26.937052	 688.521118	 407.587158	 19.107079	 383.085297	 356.455170	 85.979530	 383.489166	 316.230530	 87.097015	 383.284271	 336.309143	 73.894753
716.717407	 391.628601	 25.233652	 692.403503	 408.618561	 17.465389	 383.090057	 356.458038	 85.975700	 383.491669	 316.230469	 87.096268	 383.287842	 336.309753	 73.895721
719.893982	 392.594513	 23.496855	 696.022705	 409.442810	 15.777042	 383.094025	 356.460632	 85.975578	 383.495087	 316.234497	 87.096382	 383.291168	 336.312561	 73.892159
722.807129	 393.337616	 21.663486	 699.321655	 410.150360	 14.020883	 383.099548	 356.459351	 85.975685	 383.501129	 316.235260	 87.096725	 383.296661	 336.312103	 73.896446
725.456543	 393.905457	 19.656200	 702.280029	 410.764618	 12.220295	 383.099701	 356.460663	 85.977859	 383.503204	 316.234894	 87.094910	 383.296692	 336.312256	 73.900948
727.846436	 394.309784	 17.505470	 704.861267	 411.209259	 10.526384	 383.090179	 356.463898	 85.983688	 383.496216	 316.238892	 87.097618	 383.290527	 336.316376	 73.894592
729.994995	 394.527618	 15.371066	 707.133301	 411.391235	 8.956075	 383.078369	 356.463959	 85.981560	 383.483643	 316.239502	 87.102554	 383.277039	 336.317230	 73.896690
731.931946	 394.524994	 13.401760	 709.182251	 411.250671	 7.481939	 383.063782	 356.466705	 85.979019	 383.468628	 316.239685	 87.101456	 383.262604	 336.319672	 73.897491
733.698242	 394.248932	 11.668327	 711.069885	 410.766785	 6.067025	 383.048981	 356.465485	 85.982918	 383.455902	 316.238861	 87.097092	 383.250031	 336.320313	 73.895576
735.330322	 393.691528	 10.103321	 712.829590	 409.994141	 4.593161	 383.038910	 356.459686	 85.983910	 383.445923	 316.234039	 87.096222	 383.239655	 336.312836	 73.898949
736.877991	 392.938507	 8.485944	 714.443115	 408.994202	 3.031987	 383.032166	 356.459290	 85.979034	 383.437592	 316.235382	 87.095634	 383.231995	 336.311127	 73.895134
738.309204	 392.076752	 6.768157	 715.908264	 407.833221	 1.345755	 383.027802	 356.459320	 85.980263	 383.431274	 316.234314	 87.101692	 383.224884	 336.313354	 73.900475
739.579407	 391.175385	 4.969067	 717.227905	 406.648193	 -0.512289	 383.024048	 356.460632	 85.980637	 383.426453	 316.232880	 87.106537	 383.223816	 336.314819	 73.896271
740.694336	 390.288361	 3.035840	 718.364746	 405.556580	 -2.485946	 383.024506	 356.463684	 85.976082	 383.427673	 316.235352	 87.102936	 383.224396	 336.315369	 73.897034
741.606506	 389.475891	 1.009818	 719.321411	 404.599304	 -4.538585	 383.029846	 356.460571	 85.984001	 383.437317	 316.234497	 87.096710	 383.231781	 336.312744	 73.895508
742.318176	 388.783630	 -1.091908	 720.057373	 403.812195	 -6.468685	 383.042389	 356.461761	 85.985336	 383.449860	 316.234833	 87.099220	 383.244324	 336.313599	 73.898750
742.765564	 388.290924	 -2.670062	 720.034424	 402.612335	 -6.644015	 383.063477	 356.465210	 85.976830	 383.465027	 316.237366	 87.106735	 383.258759	 336.316254	 73.902420
742.910034	 388.135406	 -3.026746	 719.908569	 401.894592	 -6.027415	 383.079987	 356.464264	 85.977493	 383.481537	 316.237488	 87.105057	 383.276062	 336.315277	 73.899178
742.973389	 388.180298	 -2.930892	 720.237793	 401.865326	 -5.841088	 383.086182	 356.466949	 85.976746	 383.490173	 316.241669	 87.101730	 383.285950	 336.319427	 73.899803
743.110168	 388.187012	 -3.015086	 720.640015	 401.809540	 -5.728714	 383.089020	 356.465942	 85.978828	 383.492737	 316.240814	 87.100052	 383.288391	 336.319672	 73.898758
743.237427	 388.201080	 -3.068124	 720.979065	 401.765961	 -5.632574	 383.084656	 356.463745	 85.982491	 383.488556	 316.236206	 87.100502	 383.285248	 336.315430	 73.900902
743.328857	 388.273743	 -3.067835	 721.263977	 401.803680	 -5.554385	 383.075897	 356.463898	 85.983818	 383.481720	 316.236603	 87.096298	 383.276642	 336.317108	 73.898621
743.401184	 388.379181	 -3.034308	 721.520813	 401.891602	 -5.520842	 383.072876	 356.461426	 85.980614	 383.475677	 316.234711	 87.100746	 383.271912	 336.314911	 73.897644
743.467346	 388.482239	 -3.004895	 721.774292	 401.983459	 -5.502169	 383.070587	 356.462280	 85.979439	 383.469757	 316.234863	 87.105904	 383.270111	 336.315002	 73.894875
743.507324	 388.563354	 -2.977726	 722.000793	 402.065552	 -5.500572	 383.068695	 356.463837	 85.984634	 383.472198	 316.238281	 87.100761	 383.267822	 336.317627	 73.896965
743.511047	 388.590607	 -2.973285	 722.166504	 402.110077	 -5.515140	 383.067261	 356.463104	 85.979309	 383.473480	 316.237274	 87.100075	 383.269409	 336.316986	 73.894127
743.471558	 388.562561	 -3.009524	 722.260010	 402.100189	 -5.521022	 383.063904	 356.465027	 85.976028	 383.468811	 316.237396	 87.101021	 383.264191	 336.318634	 73.895996
743.376648	 388.500946	 -3.066990	 722.285828	 402.061401	 -5.510881	 383.062622	 356.464752	 85.981537	 383.467346	 316.237701	 87.099991	 383.263824	 336.319061	 73.895111
743.238647	 388.436798	 -3.118907	 722.286499	 402.031708	 -5.509947	 383.065277	 356.462921	 85.981674	 383.468597	 316.236816	 87.102074	 383.269958	 336.317627	 73.895500
743.089111	 388.386017	 -3.163483	 722.282715	 402.013000	 -5.512415	 383.068909	 356.463593	 85.983292	 383.474274	 316.239197	 87.100983	 383.271332	 336.318512	 73.894363
742.962524	 388.340668	 -3.213655	 722.280518	 401.989044	 -5.511054	 383.078888	 356.462585	 85.979645	 383.480927	 316.237366	 87.101494	 383.276001	 336.317505	 73.893135
742.877563	 388.303040	 -3.253685	 722.287109	 401.961456	 -5.516807	 383.085327	 356.462585	 85.975723	 383.485992	 316.236145	 87.100426	 383.280090	 336.313721	 73.900070
742.834900	 388.287689	 -3.276986	 722.298157	 401.931335	 -5.513722	 383.084869	 356.463806	 85.978767	 383.485291	 316.237213	 87.102577	 383.282410	 336.316315	 73.897110
742.833557	 388.301941	 -3.278007	 722.311035	 401.905426	 -5.493558	 383.080719	 356.462433	 85.978996	 383.481445	 316.236267	 87.102455	 383.278748	 336.315979	 73.893143
742.864990	 388.358856	 -3.256241	 722.335754	 401.893524	 -5.475714	 383.072571	 356.465515	 85.977455	 383.474976	 316.238312	 87.100578	 383.271606	 336.318359	 73.894455
742.923035	 388.464386	 -3.203206	 722.396851	 401.933350	 -5.481941	 383.064026	 356.470093	 85.979996	 383.465912	 316.242096	 87.102974	 383.259613	 336.323334	 73.902489
743.000488	 388.611053	 -3.113035	 722.479431	 402.033203	 -5.490893	 383.054626	 356.468933	 85.982323	 383.460327	 316.242279	 87.101883	 383.253784	 336.323761	 73.898407
743.089478	 388.805145	 -3.016809	 722.579834	 402.196869	 -5.497286	 383.047668	 356.469971	 85.980705	 383.452911	 316.242462	 87.104591	 383.248718	 336.323090	 73.898460
743.196472	 389.089935	 -2.983099	 722.700439	 402.445526	 -5.491970	 383.048004	 356.470215	 85.978271	 383.449066	 316.242188	 87.105499	 383.245117	 336.322083	 73.900650
743.327454	 389.477600	 -2.995248	 722.857056	 402.789581	 -5.493531	 383.047699	 356.467529	 85.983391	 383.450073	 316.240082	 87.104401	 383.246826	 336.319214	 73.894325
743.466431	 389.952484	 -2.965569	 723.051697	 403.253815	 -5.508147	 383.046051	 356.467865	 85.987183	 383.450592	 316.240082	 87.105133	 383.247437	 336.318787	 73.894974
743.595154	 390.594147	 -2.962742	 723.228882	 403.896057	 -5.512318	 383.050995	 356.466400	 85.985199	 383.454346	 316.238953	 87.103951	 383.252075	 336.320923	 73.895996
743.678894	 391.425629	 -2.949638	 723.381348	 404.739166	 -5.506866	 383.057526	 356.466675	 85.981964	 383.460815	 316.239807	 87.098885	 383.258881	 336.320557	 73.897255
743.740295	 392.410828	 -2.929256	 723.533203	 405.783020	 -5.497259	 383.063873	 356.469910	 85.979805	 383.470215	 316.243561	 87.096695	 383.265808	 336.323395	 73.891884
743.795898	 393.511047	 -2.909028	 723.702515	 406.933533	 -5.516407	 383.074890	 356.469788	 85.978210	 383.479309	 316.243683	 87.100372	 383.274384	 336.322021	 73.892265
743.866089	 394.610352	 -2.833138	 723.873352	 408.129425	 -5.537732	 383.085236	 356.471344	 85.977287	 383.487793	 316.244049	 87.099930	 383.283783	 336.322327	 73.894180
743.984497	 395.611908	 -2.718077	 724.064453	 409.228607	 -5.559241	 383.091034	 356.472107	 85.980087	 383.495972	 316.244019	 87.095322	 383.292023	 336.325317	 73.890709
744.143677	 396.502106	 -2.621747	 724.276428	 410.149139	 -5.578282	 383.094971	 356.471008	 85.978874	 383.499176	 316.242493	 87.097488	 383.293732	 336.321594	 73.892693
744.318237	 397.286407	 -2.513039	 724.468872	 410.972900	 -5.586946	 383.095184	 356.472961	 85.971085	 383.495911	 316.244263	 87.100159	 383.290253	 336.322052	 73.894524
744.482727	 397.964386	 -2.395694	 724.631287	 411.682190	 -5.586753	 383.090332	 356.471558	 85.977356	 383.491913	 316.243225	 87.094864	 383.287201	 336.324432	 73.894424
744.642395	 398.492584	 -2.289534	 724.790344	 412.205933	 -5.592837	 383.083313	 356.470032	 85.982201	 383.489075	 316.242371	 87.092163	 383.282593	 336.321014	 73.896217
744.798523	 398.866058	 -2.203231	 724.938904	 412.597473	 -5.594451	 383.075836	 356.472321	 85.979515	 383.482391	 316.244415	 87.094696	 383.275818	 336.322540	 73.896629
744.938477	 399.099030	 -2.145023	 725.055359	 412.834045	 -5.595623	 383.072784	 356.470520	 85.978920	 383.477448	 316.243103	 87.096481	 383.271179	 336.323029	 73.897171
745.053833	 399.172943	 -2.129202	 725.126831	 412.902008	 -5.595490	 383.070496	 356.472839	 85.978241	 383.474335	 316.244781	 87.099648	 383.269379	 336.323914	 73.891716
745.121216	 399.143951	 -2.144476	 725.158081	 412.884705	 -5.579263	 383.067230	 356.474487	 85.980347	 383.472961	 316.249359	 87.098366	 383.265137	 336.327057	 73.893661
745.149231	 399.047455	 -2.174478	 725.180298	 412.852814	 -5.572501	 383.063660	 356.472046	 85.981873	 383.470703	 316.247375	 87.097679	 383.262146	 336.324036	 73.902260
745.162354	 398.911041	 -2.222568	 725.216797	 412.797974	 -5.578128	 383.059296	 356.473358	 85.981987	 383.463928	 316.245178	 87.100739	 383.261383	 336.325134	 73.898125
745.184875	 398.764374	 -2.303068	 725.257263	 412.697968	 -5.585814	 383.060028	 356.470367	 85.977486	 383.462830	 316.242767	 87.102844	 383.261139	 336.322998	 73.892914
745.203674	 398.622620	 -2.372093	 725.298157	 412.580719	 -5.609964	 383.062927	 356.468079	 85.974876	 383.467316	 316.241516	 87.096344	 383.261658	 336.317871	 73.897720
745.212402	 398.510803	 -2.419758	 725.336548	 412.482452	 -5.630056	 383.057678	 356.467438	 85.982758	 383.463837	 316.241974	 87.095062	 383.255280	 336.319153	 73.899750
745.221619	 398.430969	 -2.444218	 725.377502	 412.416656	 -5.635460	 383.054199	 356.464325	 85.984306	 383.460419	 316.238495	 87.101761	 383.253967	 336.316803	 73.899841
745.239929	 398.375916	 -2.451882	 725.421570	 412.378448	 -5.632535	 383.050293	 356.465759	 85.981064	 383.456055	 316.238220	 87.101143	 383.249939	 336.314545	 73.903358
745.270874	 398.343750	 -2.451381	 725.464539	 412.347656	 -5.623768	 383.046143	 356.467438	 85.978638	 383.448364	 316.238800	 87.100494	 383.243073	 336.316437	 73.903328
745.312073	 398.330444	 -2.458966	 725.505493	 412.323395	 -5.613141	 383.041595	 356.466309	 85.976563	 383.444763	 316.237885	 87.100037	 383.241913	 336.316559	 73.898651
745.353027	 398.332001	 -2.453849	 725.546570	 412.309052	 -5.609186	 383.037140	 356.470062	 85.979202	 383.442749	 316.240936	 87.099174	 383.237091	 336.319489	 73.899803
745.396667	 398.341858	 -2.437766	 725.588745	 412.290375	 -5.603579	 383.038727	 356.470795	 85.980576	 383.443207	 316.242065	 87.098801	 383.236023	 336.321045	 73.899292
745.445251	 398.347687	 -2.429151	 725.626953	 412.269623	 -5.589778	 383.042633	 356.467682	 85.979042	 383.447388	 316.239929	 87.099419	 383.243469	 336.320007	 73.892319
745.499512	 398.351074	 -2.420675	 725.668091	 412.239441	 -5.580494	 383.045807	 356.468018	 85.975723	 383.449402	 316.240570	 87.102867	 383.243958	 336.319122	 73.895218
745.559204	 398.346497	 -2.404642	 725.722290	 412.197906	 -5.584735	 383.051453	 356.465149	 85.978073	 383.454895	 316.238556	 87.100677	 383.249878	 336.316254	 73.898132
745.625610	 398.343719	 -2.403360	 725.769775	 412.152344	 -5.583483	 383.060425	 356.464905	 85.973946	 383.461884	 316.237091	 87.097649	 383.258820	 336.316437	 73.893616
745.686340	 398.350220	 -2.399992	 725.812744	 412.113434	 -5.589817	 383.064514	 356.467102	 85.974602	 383.466064	 316.239471	 87.098259	 383.260681	 336.318665	 73.893028
745.732666	 398.360779	 -2.384500	 725.842712	 412.082825	 -5.598138	 383.059937	 356.467072	 85.972862	 383.464447	 316.240570	 87.095520	 383.259308	 336.319214	 73.890762
745.765198	 398.377899	 -2.366804	 725.857056	 412.061615	 -5.597157	 383.049133	 356.470947	 85.965218	 383.455139	 316.243866	 87.088417	 383.249176	 336.322296	 73.888550
745.794128	 398.402802	 -2.354686	 725.867981	 412.044830	 -5.595892	 383.021454	 356.469574	 85.967796	 383.438080	 316.242493	 87.088516	 383.226196	 336.322540	 73.891472
745.823669	 398.426300	 -2.348242	 725.875671	 412.033508	 -5.593379	 382.946930	 356.454590	 85.971268	 383.395905	 316.227570	 87.095879	 383.171478	 336.308685	 73.888550
745.840820	 398.445587	 -2.331398	 725.874756	 412.028748	 -5.582846	 382.796509	 356.419312	 85.974915	 383.310638	 316.192108	 87.093346	 383.053955	 336.270874	 73.887909
745.850037	 398.460419	 -2.308893	 725.877808	 412.023438	 -5.578936	 382.563721	 356.353516	 85.982552	 383.177307	 316.128143	 87.087715	 382.868835	 336.205902	 73.894478
745.861328	 398.470337	 -2.298083	 725.882385	 412.021027	 -5.576640	 382.265045	 356.281616	 85.982460	 383.008057	 316.059143	 87.083145	 382.637085	 336.136902	 73.888832
745.874146	 398.480408	 -2.295645	 725.887695	 412.026245	 -5.576646	 381.916534	 356.227997	 85.966385	 382.804291	 316.007050	 87.076996	 382.362122	 336.081726	 73.874954
745.879822	 398.488739	 -2.284067	 725.894653	 412.033020	 -5.572117	 381.554108	 356.177246	 85.951996	 382.593842	 315.960236	 87.075134	 382.074890	 336.036499	 73.865013
745.891418	 398.496094	 -2.283781	 725.903259	 412.045502	 -5.562956	 381.202209	 356.166229	 85.958458	 382.391083	 315.954468	 87.082672	 381.805084	 336.031219	 73.863991
745.901794	 398.503143	 -2.281237	 725.915100	 412.060577	 -5.551653	 380.871002	 356.290314	 85.966560	 382.194580	 316.084534	 87.090820	 381.538757	 336.159607	 73.862114
745.909546	 398.504272	 -2.273382	 725.927490	 412.070435	 -5.539482	 380.540466	 356.631653	 85.972137	 382.015076	 316.431976	 87.091042	 381.285187	 336.504913	 73.860497
745.920227	 398.501068	 -2.278861	 725.938599	 412.083282	 -5.529101	 380.230804	 357.254974	 85.963722	 381.888428	 317.059845	 87.083900	 381.058929	 337.127228	 73.863586
745.931763	 398.504364	 -2.284192	 725.954285	 412.096893	 -5.527714	 379.934662	 358.143890	 85.956902	 381.806763	 317.959320	 87.055611	 380.878723	 338.027649	 73.858727
745.943665	 398.506409	 -2.282402	 725.963745	 412.107758	 -5.518847	 379.665070	 359.265076	 85.933784	 381.833130	 319.093536	 87.010071	 380.786713	 339.157593	 73.822678
745.950623	 398.508667	 -2.276155	 725.966309	 412.117737	 -5.507992	 379.632507	 360.588928	 85.942307	 382.244537	 320.444763	 87.016731	 380.970398	 340.501190	 73.814621
745.956665	 398.511169	 -2.273567	 725.970886	 412.120697	 -5.510103	 379.868500	 362.096130	 86.021996	 382.982971	 321.987183	 87.053040	 381.424622	 342.036469	 73.865585
745.960083	 398.507477	 -2.272045	 725.969971	 412.122711	 -5.509150	 380.111969	 363.800140	 86.045692	 383.680389	 323.728271	 87.062126	 381.885223	 343.763733	 73.885574
745.953308	 398.504669	 -2.269407	 725.965088	 412.126099	 -5.500222	 380.364166	 365.653107	 86.034958	 384.392853	 325.630005	 87.048973	 382.362030	 345.648773	 73.883995
745.948792	 398.499908	 -2.270785	 725.968628	 412.130859	 -5.497308	 380.764557	 367.677155	 86.051735	 385.224091	 327.698822	 87.054115	 382.956238	 347.693634	 73.908379
745.946350	 398.498444	 -2.272411	 725.970215	 412.141022	 -5.492743	 381.303375	 369.969635	 86.085365	 385.994385	 330.017212	 87.099289	 383.590790	 349.996521	 73.935722
745.945496	 398.501465	 -2.273607	 725.970459	 412.148163	 -5.489970	 382.002106	 372.578674	 86.150276	 386.645935	 332.619629	 87.149925	 384.248322	 352.604645	 73.985817
745.943909	 398.496063	 -2.272270	 725.972656	 412.153168	 -5.498209	 382.883331	 375.523376	 86.210670	 387.220978	 335.526062	 87.209534	 384.947449	 355.523499	 74.059158
745.947388	 398.490326	 -2.280238	 725.972473	 412.153900	 -5.501823	 383.886932	 378.744019	 86.297768	 387.810333	 338.704468	 87.325981	 385.703064	 358.716064	 74.169830
745.956238	 398.486145	 -2.287569	 725.978760	 412.145874	 -5.493985	 384.999573	 382.213074	 86.451683	 388.497162	 342.135925	 87.490929	 386.551636	 362.163452	 74.327911
745.959717	 398.482819	 -2.282143	 725.988464	 412.142761	 -5.493981	 386.270874	 385.992188	 86.654198	 389.287476	 345.869110	 87.716347	 387.501038	 365.904053	 74.552017
745.968018	 398.494965	 -2.279599	 725.991577	 412.147919	 -5.492414	 387.653778	 389.986938	 86.995293	 390.168243	 349.831573	 88.044296	 388.545013	 369.887207	 74.868332
745.981628	 398.513092	 -2.274197	 725.997070	 412.156006	 -5.489564	 389.061798	 393.972595	 87.537216	 391.130707	 353.790863	 88.481529	 389.632385	 373.895416	 75.363510
745.992981	 398.528992	 -2.268417	 725.999146	 412.167908	 -5.494663	 390.371094	 397.770721	 88.363258	 392.089874	 357.563202	 89.056007	 390.674377	 377.757599	 76.071465
745.992554	 398.547668	 -2.253421	 725.994873	 412.175781	 -5.490063	 391.509766	 401.321808	 89.506119	 392.993958	 361.102936	 89.773087	 391.622803	 381.435760	 76.994141
745.994995	 398.565857	 -2.244329	 725.987976	 412.179688	 -5.478893	 392.567230	 404.750458	 90.846481	 393.867706	 364.522919	 90.634743	 392.500763	 385.013550	 78.111885
745.988586	 398.585449	 -2.238395	 725.981628	 412.190399	 -5.476993	 393.658417	 408.300507	 92.286171	 394.763184	 368.072083	 91.626579	 393.383881	 388.705414	 79.345779
745.976196	 398.608063	 -2.232155	 725.976013	 412.196381	 -5.470789	 394.880737	 412.201324	 93.721443	 395.758087	 371.974213	 92.718719	 394.351379	 392.717896	 80.619995
745.965149	 398.626953	 -2.224573	 725.965698	 412.193848	 -5.465045	 396.293335	 416.595428	 95.022675	 396.879486	 376.366608	 93.848595	 395.444214	 397.173096	 81.847687
745.942627	 398.657135	 -2.212590	 725.951965	 412.193939	 -5.461131	 397.855743	 421.490814	 96.127846	 398.068176	 381.263062	 94.924896	 396.621552	 402.087830	 82.957672
745.909424	 398.729462	 -2.192867	 725.926025	 412.243225	 -5.435521	 399.427399	 426.727631	 97.013329	 399.236084	 386.496643	 95.869698	 397.799866	 407.317871	 83.893234
745.869690	 398.851929	 -2.163016	 725.896790	 412.347961	 -5.404278	 400.848389	 432.052795	 97.632339	 400.304962	 391.819794	 96.572144	 398.887817	 412.637604	 84.571465
745.823486	 398.991272	 -2.116419	 725.869446	 412.508392	 -5.397657	 402.037781	 437.275360	 98.011742	 401.232422	 397.051239	 96.941513	 399.822449	 417.881226	 84.967171
745.781555	 399.129395	 -2.059316	 725.848145	 412.628387	 -5.395322	 403.012115	 442.377319	 98.145248	 402.000580	 402.158051	 97.005569	 400.613159	 423.019684	 85.080086
745.776611	 399.227417	 -2.019850	 725.837158	 412.678070	 -5.384717	 403.812836	 447.443054	 98.025002	 402.616333	 407.227478	 96.798416	 401.281036	 428.130280	 84.922722
745.799988	 399.306976	 -1.990380	 725.847900	 412.709351	 -5.374798	 404.462189	 452.509827	 97.698830	 403.098999	 412.301758	 96.378883	 401.831299	 433.239197	 84.561546
745.837036	 399.368103	 -1.964890	 725.864136	 412.748749	 -5.355904	 404.932831	 457.548218	 97.206802	 403.429962	 417.349182	 95.816330	 402.254150	 438.311890	 84.036865
745.870361	 399.425323	 -1.937884	 725.876343	 412.813599	 -5.337630	 405.211700	 462.523621	 96.610977	 403.600647	 422.332794	 95.155464	 402.534302	 443.318451	 83.394531
745.899719	 399.464569	 -1.915432	 725.893127	 412.869049	 -5.333903	 405.273346	 467.672241	 95.936249	 403.568665	 427.473511	 94.558693	 402.640533	 448.421387	 82.746147
745.925659	 399.467316	 -1.905243	 725.898682	 412.884735	 -5.327881	 405.221558	 472.860199	 95.205330	 403.429779	 432.664185	 94.063599	 402.643066	 453.541046	 82.129044
745.941589	 399.451294	 -1.904511	 725.896606	 412.881958	 -5.328685	 405.205627	 477.672272	 94.476006	 403.373596	 437.475830	 93.506096	 402.692841	 458.304871	 81.472610
745.947571	 399.435455	 -1.905970	 725.892273	 412.878357	 -5.331134	 405.178101	 482.361572	 93.737038	 403.315125	 442.158997	 92.949303	 402.727875	 462.922638	 80.816399
745.946106	 399.419281	 -1.905399	 725.888306	 412.881287	 -5.334305	 405.170319	 487.022552	 92.978630	 403.227966	 446.822784	 92.443649	 402.746979	 467.509186	 80.174232
745.937012	 399.412445	 -1.902656	 725.877319	 412.888031	 -5.334331	 405.209717	 491.552246	 92.212570	 403.145172	 451.353271	 91.952759	 402.782410	 471.949799	 79.534248
745.931213	 399.411804	 -1.905440	 725.866699	 412.891693	 -5.337665	 405.183380	 495.968018	 91.453209	 402.998138	 455.775391	 91.512115	 402.748199	 476.272003	 78.936592
745.921875	 399.411072	 -1.909417	 725.858093	 412.898468	 -5.345877	 405.065887	 500.028168	 90.775856	 402.861725	 459.837463	 91.047516	 402.682526	 480.263947	 78.348717
745.911499	 399.411377	 -1.911741	 725.851013	 412.903931	 -5.353285	 404.893433	 503.689697	 90.215057	 402.759125	 463.497131	 90.586594	 402.599915	 483.882660	 77.822899
745.905884	 399.403503	 -1.917735	 725.847229	 412.906799	 -5.360728	 404.709991	 507.095032	 89.764412	 402.636566	 466.903717	 90.241089	 402.501678	 487.253845	 77.406967
745.896118	 399.391907	 -1.923198	 725.838013	 412.911163	 -5.365631	 404.571442	 510.222046	 89.430603	 402.556396	 470.026611	 89.999748	 402.423798	 490.343262	 77.120056
745.882813	 399.381165	 -1.926996	 725.827942	 412.915802	 -5.366744	 404.496368	 513.051758	 89.222237	 402.568604	 472.856506	 89.861862	 402.391113	 493.143768	 76.958000
745.871155	 399.375092	 -1.928326	 725.820862	 412.929504	 -5.378387	 404.480530	 515.601563	 89.094231	 402.675018	 475.410492	 89.801079	 402.420502	 495.672638	 76.861244
745.856934	 399.381226	 -1.924269	 725.809082	 412.954254	 -5.384897	 404.487701	 517.953369	 88.964409	 402.798218	 477.756195	 89.770187	 402.446075	 497.991028	 76.785591
745.846619	 399.389923	 -1.919277	 725.801208	 412.983826	 -5.390804	 404.437805	 520.138000	 88.792053	 402.818115	 479.938507	 89.715828	 402.398407	 500.141510	 76.675247
745.847168	 399.401093	 -1.919365	 725.797180	 413.021393	 -5.401088	 404.236786	 522.150940	 88.542839	 402.646698	 481.951691	 89.576042	 402.204285	 502.113037	 76.480415
745.846436	 399.413757	 -1.919762	 725.790955	 413.055481	 -5.403362	 403.801239	 523.971436	 88.182396	 402.197388	 483.768799	 89.333069	 401.782837	 503.890656	 76.183617
745.848633	 399.416077	 -1.921476	 725.790588	 413.074982	 -5.412426	 402.973114	 525.365173	 87.799927	 401.346527	 485.174957	 88.961754	 401.033051	 505.293671	 75.802078
745.852783	 399.419403	 -1.918421	 725.791321	 413.090118	 -5.415226	 401.836487	 526.406372	 87.375214	 400.200714	 486.208435	 88.515434	 400.014496	 506.325134	 75.361305
745.856323	 399.422974	 -1.916496	 725.792603	 413.096619	 -5.411033	 400.596161	 527.172729	 86.890358	 398.973938	 486.973785	 88.049805	 398.911499	 507.078583	 74.873276
745.864441	 399.419647	 -1.922252	 725.794495	 413.099274	 -5.411741	 399.247437	 527.582825	 86.385635	 397.631226	 487.382416	 87.545792	 397.709167	 507.486176	 74.342545
745.863892	 399.419525	 -1.924298	 725.799500	 413.104858	 -5.416231	 397.800720	 527.696777	 85.830757	 396.197662	 487.496307	 86.976067	 396.417267	 507.595032	 73.784019
745.862000	 399.417664	 -1.926925	 725.797852	 413.104370	 -5.413237	 396.306885	 527.574829	 85.231514	 394.755127	 487.381165	 86.354080	 395.114075	 507.473206	 73.170418
745.855408	 399.411011	 -1.930327	 725.794678	 413.108002	 -5.418254	 394.934906	 527.343262	 84.650955	 393.428711	 487.144897	 85.773888	 393.916748	 507.233063	 72.586212
745.846130	 399.409180	 -1.941976	 725.789978	 413.114136	 -5.428061	 393.872040	 527.054565	 84.201614	 392.390411	 486.852570	 85.327881	 392.982697	 506.938873	 72.140358
745.833923	 399.399567	 -1.950691	 725.779968	 413.114990	 -5.426886	 393.223022	 526.672363	 83.963554	 391.752045	 486.471436	 85.090607	 392.405640	 506.557983	 71.902054
745.819519	 399.386810	 -1.953314	 725.773193	 413.118347	 -5.429052	 392.998260	 526.195984	 83.927734	 391.517731	 485.992615	 85.053825	 392.187134	 506.078278	 71.866837
745.803528	 399.370148	 -1.953725	 725.769226	 413.116638	 -5.430362	 393.027283	 525.634155	 84.009239	 391.512421	 485.431244	 85.135612	 392.177490	 505.517792	 71.946442
745.785706	 399.341003	 -1.962147	 725.764465	 413.109772	 -5.436902	 393.130615	 524.981995	 84.132202	 391.556549	 484.780487	 85.257912	 392.221039	 504.868256	 72.067238
745.762817	 399.310455	 -1.978021	 725.756653	 413.105927	 -5.445977	 393.218628	 524.225464	 84.247032	 391.590698	 484.023438	 85.367989	 392.250244	 504.110962	 72.193169
745.737793	 399.276703	 -1.992227	 725.751648	 413.099304	 -5.446386	 393.237061	 523.360229	 84.325867	 391.581970	 483.159882	 85.447754	 392.234253	 503.249512	 72.269974
745.721741	 399.238434	 -2.014044	 725.756226	 413.097931	 -5.453620	 393.140656	 522.437073	 84.336670	 391.478577	 482.236267	 85.462845	 392.130890	 502.323547	 72.281670
745.697632	 399.205597	 -2.031136	 725.762817	 413.102905	 -5.466434	 392.889862	 521.511719	 84.271629	 391.231354	 481.311401	 85.402878	 391.903564	 501.398590	 72.217049
745.671265	 399.177887	 -2.044317	 725.761292	 413.106415	 -5.474936	 392.492554	 520.641663	 84.131790	 390.851196	 480.442474	 85.260712	 391.558441	 500.529510	 72.071381
745.642517	 399.152893	 -2.066057	 725.754944	 413.115417	 -5.481407	 392.003448	 519.877197	 83.927750	 390.391754	 479.678253	 85.057419	 391.141815	 499.760651	 71.872971
745.600464	 399.126038	 -2.081888	 725.745117	 413.123322	 -5.486907	 391.615234	 519.249084	 83.805695	 390.028717	 479.048248	 84.939034	 390.798035	 499.126953	 71.760368
745.554382	 399.087250	 -2.103598	 725.733948	 413.127441	 -5.492333	 391.446991	 518.754150	 83.831223	 389.897552	 478.553986	 84.963326	 390.639282	 498.633850	 71.785759
745.508057	 399.046326	 -2.131089	 725.718018	 413.128296	 -5.496634	 391.287048	 518.397827	 83.850800	 389.799042	 478.194397	 84.980110	 390.510773	 498.274078	 71.803886
745.453369	 399.000580	 -2.160423	 725.701111	 413.127441	 -5.500915	 391.125519	 518.178223	 83.839203	 389.677856	 477.972290	 84.965271	 390.369232	 498.052643	 71.790932
745.389832	 398.944733	 -2.192217	 725.680969	 413.127289	 -5.505889	 391.044983	 518.091431	 83.841660	 389.624878	 477.884735	 84.970367	 390.308624	 497.966766	 71.789009
745.314880	 398.882050	 -2.230440	 725.660950	 413.123505	 -5.514247	 390.999878	 518.100281	 83.836906	 389.588715	 477.894135	 84.972191	 390.268188	 497.975616	 71.784103
745.241272	 398.807220	 -2.279956	 725.631531	 413.077301	 -5.515285	 390.980865	 518.126953	 83.833687	 389.577393	 477.920624	 84.968445	 390.251190	 498.000977	 71.783211
745.166199	 398.718414	 -2.341758	 725.592163	 413.014618	 -5.512809	 390.958191	 518.169617	 83.828339	 389.577301	 477.961456	 84.967293	 390.238739	 498.040436	 71.785477
745.083984	 398.629639	 -2.402839	 725.562500	 412.956726	 -5.526927	 390.929138	 518.242554	 83.823944	 389.584839	 478.033173	 84.970131	 390.226654	 498.112518	 71.783554
745.000244	 398.555389	 -2.455167	 725.531372	 412.913330	 -5.551281	 390.899200	 518.335266	 83.820442	 389.611938	 478.125000	 84.969810	 390.223969	 498.204742	 71.779320
744.898865	 398.513000	 -2.476916	 725.485046	 412.900787	 -5.571493	 390.871185	 518.446716	 83.816589	 389.659271	 478.234711	 84.963203	 390.232178	 498.317780	 71.771790
744.789734	 398.468231	 -2.503430	 725.429565	 412.877686	 -5.587807	 390.848572	 518.575989	 83.821350	 389.722168	 478.362579	 84.960358	 390.252838	 498.450958	 71.765739
744.685425	 398.410278	 -2.540695	 725.368896	 412.842102	 -5.592119	 390.825836	 518.723633	 83.818886	 389.780029	 478.503845	 84.955971	 390.272491	 498.595459	 71.762115
744.586182	 398.359711	 -2.572135	 725.311523	 412.814178	 -5.593115	 390.799133	 518.882813	 83.808807	 389.810486	 478.657837	 84.958748	 390.272522	 498.748871	 71.763336
744.485901	 398.306702	 -2.602307	 725.258484	 412.781677	 -5.591080	 390.758453	 519.033875	 83.801849	 389.811218	 478.812805	 84.959213	 390.253571	 498.905121	 71.756927
744.399719	 398.254852	 -2.631432	 725.210815	 412.754456	 -5.583733	 390.691254	 519.182007	 83.800385	 389.785217	 478.961304	 84.946915	 390.213623	 499.054016	 71.742249
744.332764	 398.219788	 -2.657216	 725.182373	 412.743011	 -5.586681	 390.611389	 519.344360	 83.793884	 389.739594	 479.117798	 84.935089	 390.149567	 499.208344	 71.745384
744.283813	 398.197540	 -2.683039	 725.166382	 412.735901	 -5.586504	 390.536072	 519.506042	 83.784973	 389.682526	 479.278809	 84.923447	 390.079834	 499.371429	 71.745293
744.245789	 398.183594	 -2.695033	 725.158875	 412.735962	 -5.583654	 390.464539	 519.650452	 83.777657	 389.618744	 479.425995	 84.923729	 390.014618	 499.521057	 71.733437
744.218689	 398.175873	 -2.704378	 725.156860	 412.734955	 -5.583491	 390.382690	 519.775391	 83.772766	 389.548248	 479.550964	 84.922287	 389.947144	 499.646698	 71.719559
744.205505	 398.166931	 -2.714058	 725.155396	 412.726959	 -5.578386	 390.297699	 519.888306	 83.773560	 389.473541	 479.658997	 84.914978	 389.871063	 499.755798	 71.708359
744.196228	 398.156128	 -2.719665	 725.155823	 412.715790	 -5.573771	 390.218018	 520.007324	 83.767113	 389.393250	 479.774963	 84.911186	 389.785614	 499.869476	 71.712593
744.190979	 398.138824	 -2.726064	 725.160217	 412.695709	 -5.573024	 390.135254	 520.133911	 83.766510	 389.295715	 479.906647	 84.912163	 389.692535	 500.000885	 71.713966
744.186340	 398.114105	 -2.732005	 725.162842	 412.671631	 -5.572081	 390.045624	 520.262268	 83.765633	 389.193329	 480.038452	 84.907967	 389.598816	 500.131378	 71.710732
744.184448	 398.091522	 -2.742693	 725.166077	 412.652405	 -5.581107	 389.963989	 520.380432	 83.754997	 389.100250	 480.150787	 84.898148	 389.509064	 500.241943	 71.705399
744.186340	 398.069702	 -2.762151	 725.171753	 412.634338	 -5.589869	 389.898407	 520.454895	 83.753151	 389.030243	 480.223083	 84.895691	 389.439636	 500.316284	 71.705139
744.178955	 398.044739	 -2.771309	 725.164795	 412.622833	 -5.590915	 389.846130	 520.490601	 83.752724	 388.977325	 480.260864	 84.898041	 389.386505	 500.352386	 71.707588
744.167236	 398.024475	 -2.787724	 725.156860	 412.615692	 -5.598375	 389.803223	 520.512878	 83.752136	 388.932404	 480.281860	 84.900734	 389.341095	 500.373596	 71.716888
744.147095	 397.997528	 -2.799307	 725.149841	 412.602936	 -5.603948	 389.766754	 520.524292	 83.754250	 388.896729	 480.294891	 84.897354	 389.306915	 500.386017	 71.716888
744.125122	 397.969025	 -2.817315	 725.138306	 412.590210	 -5.611155	 389.730194	 520.540405	 83.751434	 388.855316	 480.314880	 84.891228	 389.268646	 500.403076	 71.710327
744.097229	 397.938324	 -2.841830	 725.121765	 412.569855	 -5.611288	 389.683075	 520.565613	 83.748390	 388.790802	 480.344208	 84.893349	 389.217163	 500.432098	 71.707001
744.058167	 397.882477	 -2.857488	 725.093933	 412.494019	 -5.595631	 389.621826	 520.592773	 83.747581	 388.714600	 480.372955	 84.890724	 389.150909	 500.461426	 71.703789
744.016968	 397.815979	 -2.890006	 725.064636	 412.412750	 -5.594330	 389.547058	 520.619446	 83.753204	 388.631836	 480.400543	 84.894913	 389.077393	 500.490204	 71.697914
743.972900	 397.764008	 -2.927579	 725.048035	 412.362732	 -5.602365	 389.480133	 520.633972	 83.751816	 388.557312	 480.414581	 84.898102	 389.007050	 500.505188	 71.698189
743.923218	 397.712585	 -2.963109	 725.027039	 412.315918	 -5.602883	 389.418915	 520.634277	 83.746811	 388.500031	 480.412659	 84.895660	 388.943451	 500.501953	 71.700607
743.861572	 397.663025	 -3.004701	 725.005981	 412.270996	 -5.604359	 389.362274	 520.627686	 83.752029	 388.455048	 480.407837	 84.896324	 388.894897	 500.498871	 71.697289
743.798828	 397.619354	 -3.046371	 724.991394	 412.228394	 -5.610285	 389.331879	 520.622009	 83.750298	 388.433380	 480.399780	 84.892044	 388.872009	 500.491760	 71.687271
743.735413	 397.585602	 -3.073397	 724.974670	 412.200897	 -5.617210	 389.328796	 520.620056	 83.753494	 388.434601	 480.396759	 84.895973	 388.870514	 500.486328	 71.690506
743.669128	 397.561310	 -3.089466	 724.958069	 412.185181	 -5.619771	 389.344147	 520.621399	 83.758484	 388.452087	 480.398224	 84.900543	 388.886383	 500.490326	 71.697380
743.602356	 397.536102	 -3.099970	 724.941223	 412.163940	 -5.622446	 389.360992	 520.621277	 83.753716	 388.469727	 480.396484	 84.901756	 388.902771	 500.489746	 71.696770
743.549194	 397.512756	 -3.118424	 724.926086	 412.145111	 -5.618596	 389.367798	 520.620300	 83.755531	 388.478333	 480.397217	 84.897942	 388.908966	 500.489319	 71.703049
743.506226	 397.489868	 -3.134631	 724.925903	 412.122894	 -5.606758	 389.366394	 520.619690	 83.755272	 388.477509	 480.396423	 84.898758	 388.905487	 500.488190	 71.707191
743.479492	 397.465546	 -3.149254	 724.936096	 412.089081	 -5.572745	 389.350983	 520.615356	 83.752411	 388.467041	 480.392029	 84.899971	 388.894257	 500.482849	 71.702377
743.467285	 397.448486	 -3.159825	 724.957642	 412.047699	 -5.518859	 389.319336	 520.610718	 83.756859	 388.443024	 480.387146	 84.897827	 388.867493	 500.477692	 71.702736
743.464844	 397.431702	 -3.170234	 724.976135	 411.969086	 -5.435987	 389.274872	 520.600586	 83.756813	 388.404358	 480.375977	 84.901192	 388.825043	 500.467896	 71.700340
743.477356	 397.420532	 -3.181453	 724.988831	 411.889160	 -5.354059	 389.215515	 520.586243	 83.757225	 388.358246	 480.360565	 84.895882	 388.772430	 500.452026	 71.699425
