752.885010	 400.439209	 -1.345292	 729.257080	 411.421478	 -4.200719	 386.769043	 354.561981	 85.947388	 386.901093	 314.334167	 87.082176	 386.843628	 334.413757	 73.860619
752.895935	 400.444489	 -1.341272	 729.253662	 411.437378	 -4.203855	 386.772797	 354.562714	 85.944977	 386.906158	 314.334747	 87.076118	 386.845093	 334.415161	 73.865982
752.899780	 400.447083	 -1.340306	 729.248047	 411.438171	 -4.202451	 386.765991	 354.561890	 85.943146	 386.894806	 314.333374	 87.081352	 386.834961	 334.415466	 73.872337
752.894470	 400.440521	 -1.336336	 729.236206	 411.435333	 -4.197462	 386.754059	 354.562195	 85.939659	 386.881561	 314.333984	 87.079674	 386.822754	 334.413239	 73.865196
752.878052	 400.433044	 -1.330812	 729.223694	 411.430420	 -4.197045	 386.737976	 354.562317	 85.945137	 386.868378	 314.335541	 87.081146	 386.807983	 334.413605	 73.866669
752.867249	 400.425934	 -1.340200	 729.211792	 411.423004	 -4.196783	 386.726074	 354.558899	 85.943031	 386.854553	 314.331757	 87.086525	 386.795959	 334.412018	 73.868294
752.863281	 400.420746	 -1.346743	 729.204224	 411.420929	 -4.194157	 386.724609	 354.558960	 85.940582	 386.854614	 314.332245	 87.082016	 386.794342	 334.412109	 73.865150
752.870728	 400.424561	 -1.348212	 729.212158	 411.423218	 -4.195375	 386.726685	 354.558746	 85.948662	 386.859497	 314.332825	 87.077446	 386.799622	 334.415710	 73.862610
752.881775	 400.427399	 -1.344883	 729.223938	 411.422974	 -4.193995	 386.731598	 354.556610	 85.951088	 386.864075	 314.330811	 87.082321	 386.805328	 334.412476	 73.866013
752.888611	 400.427399	 -1.341511	 729.233337	 411.421753	 -4.192191	 386.737762	 354.561066	 85.944939	 386.869965	 314.332825	 87.080757	 386.810638	 334.413422	 73.866463
752.901184	 400.429565	 -1.351440	 729.243408	 411.417053	 -4.187683	 386.740845	 354.561737	 85.943542	 386.874542	 314.334839	 87.076729	 386.816956	 334.416565	 73.861221
752.913330	 400.424622	 -1.360309	 729.252808	 411.411621	 -4.186603	 386.744568	 354.561035	 85.942299	 386.876617	 314.334778	 87.080826	 386.819519	 334.413361	 73.861725
752.921448	 400.420380	 -1.362845	 729.265442	 411.411346	 -4.191057	 386.747314	 354.563171	 85.942024	 386.881042	 314.336029	 87.077858	 386.818329	 334.415863	 73.864967
752.931702	 400.421936	 -1.365192	 729.277405	 411.412537	 -4.191870	 386.753265	 354.562134	 85.943146	 386.885590	 314.334442	 87.072121	 386.822113	 334.416565	 73.864029
752.942566	 400.423370	 -1.362063	 729.288452	 411.416748	 -4.188979	 386.757904	 354.563049	 85.943581	 386.887787	 314.335052	 87.078331	 386.828857	 334.413971	 73.859360
752.949524	 400.429291	 -1.360650	 729.293213	 411.420013	 -4.176520	 386.754700	 354.563171	 85.944519	 386.887177	 314.336761	 87.081543	 386.828125	 334.415771	 73.861221
752.957520	 400.429230	 -1.364228	 729.299255	 411.416809	 -4.171587	 386.749817	 354.560455	 85.941803	 386.882568	 314.334351	 87.075035	 386.821472	 334.413086	 73.866379
752.960815	 400.423737	 -1.367897	 729.298767	 411.413177	 -4.168974	 386.743317	 354.563324	 85.934723	 386.872589	 314.334320	 87.076950	 386.815491	 334.413910	 73.863419
752.962219	 400.421143	 -1.369715	 729.300354	 411.408051	 -4.164511	 386.737152	 354.564117	 85.935570	 386.864410	 314.335938	 87.081032	 386.809662	 334.416473	 73.857224
752.969116	 400.414886	 -1.374529	 729.305237	 411.403076	 -4.159990	 386.732452	 354.562103	 85.943481	 386.863434	 314.334839	 87.077713	 386.805634	 334.413269	 73.863083
752.977356	 400.411133	 -1.380279	 729.310791	 411.402283	 -4.159696	 386.734039	 354.564087	 85.943489	 386.865814	 314.335785	 87.076607	 386.806946	 334.415527	 73.863495
752.983459	 400.405945	 -1.374450	 729.324097	 411.397888	 -4.160144	 386.740875	 354.561890	 85.942970	 386.872864	 314.333832	 87.072861	 386.812378	 334.415710	 73.861710
752.998901	 400.398987	 -1.379451	 729.337769	 411.394348	 -4.154762	 386.747345	 354.560577	 85.940430	 386.879883	 314.331757	 87.072639	 386.823730	 334.411774	 73.855675
753.015686	 400.394409	 -1.382818	 729.349487	 411.390717	 -4.139562	 386.757416	 354.561401	 85.935463	 386.888153	 314.335724	 87.075264	 386.830383	 334.412659	 73.855019
753.032532	 400.384186	 -1.381705	 729.367676	 411.384125	 -4.133483	 386.769440	 354.559326	 85.935226	 386.897888	 314.332947	 87.073730	 386.840820	 334.413818	 73.855835
753.049683	 400.374084	 -1.384445	 729.383972	 411.381439	 -4.135385	 386.776947	 354.561829	 85.936913	 386.907288	 314.333771	 87.071404	 386.850433	 334.413513	 73.854965
753.065002	 400.366943	 -1.391921	 729.397339	 411.377930	 -4.132130	 386.781952	 354.562683	 85.935661	 386.913818	 314.336212	 87.068947	 386.854401	 334.414551	 73.856346
753.078308	 400.356995	 -1.395872	 729.404785	 411.374939	 -4.127046	 386.786407	 354.561707	 85.932251	 386.916290	 314.332825	 87.072586	 386.857422	 334.414063	 73.857651
753.086609	 400.351471	 -1.395390	 729.405701	 411.376617	 -4.120513	 386.784119	 354.564117	 85.938004	 386.917114	 314.335266	 87.069229	 386.857574	 334.414764	 73.858513
753.093811	 400.346497	 -1.399866	 729.408752	 411.373444	 -4.114299	 386.779236	 354.561890	 85.944244	 386.914734	 314.335236	 87.066383	 386.855042	 334.415527	 73.856400
753.095642	 400.334686	 -1.405603	 729.406250	 411.372040	 -4.112007	 386.773743	 354.560547	 85.937469	 386.907806	 314.334198	 87.070625	 386.847504	 334.414917	 73.853806
753.090515	 400.324341	 -1.408790	 729.401184	 411.373138	 -4.115561	 386.764343	 354.563995	 85.934410	 386.894592	 314.335571	 87.074753	 386.835876	 334.414856	 73.854652
753.080688	 400.310303	 -1.411362	 729.390686	 411.366150	 -4.112843	 386.755493	 354.563446	 85.937141	 386.882568	 314.333649	 87.074875	 386.825226	 334.411774	 73.859467
753.065979	 400.292847	 -1.413944	 729.376465	 411.363098	 -4.111337	 386.743469	 354.562256	 85.939590	 386.875000	 314.333496	 87.074097	 386.817444	 334.411133	 73.853439
753.054504	 400.277802	 -1.425236	 729.364746	 411.357391	 -4.110945	 386.736969	 354.561310	 85.935760	 386.869415	 314.333832	 87.069290	 386.810883	 334.412292	 73.851143
753.046692	 400.258270	 -1.430316	 729.363831	 411.350342	 -4.112462	 386.736481	 354.559357	 85.935516	 386.866760	 314.330933	 87.071281	 386.808289	 334.409821	 73.854378
753.049805	 400.242126	 -1.437093	 729.366089	 411.345734	 -4.106860	 386.738159	 354.562195	 85.936043	 386.866333	 314.332458	 87.077232	 386.808746	 334.411560	 73.854362
753.060242	 400.226624	 -1.446064	 729.373718	 411.333649	 -4.101554	 386.742310	 354.562347	 85.938766	 386.870178	 314.333435	 87.079185	 386.815460	 334.414551	 73.854088
753.070190	 400.201569	 -1.456882	 729.382324	 411.318604	 -4.106159	 386.744659	 354.560486	 85.942780	 386.877838	 314.331970	 87.074112	 386.822266	 334.411652	 73.848618
753.078735	 400.175507	 -1.465681	 729.387329	 411.301849	 -4.102982	 386.747711	 354.562195	 85.943275	 386.881470	 314.335114	 87.071533	 386.822998	 334.412415	 73.852631
753.088257	 400.143921	 -1.479183	 729.392578	 411.279022	 -4.093358	 386.752655	 354.562195	 85.942383	 386.884186	 314.334412	 87.076698	 386.828339	 334.413605	 73.852776
753.100037	 400.102051	 -1.495456	 729.399719	 411.253845	 -4.088722	 386.758881	 354.562592	 85.936859	 386.888367	 314.331238	 87.076782	 386.833588	 334.412231	 73.854134
753.109070	 400.054657	 -1.510817	 729.408325	 411.223724	 -4.084054	 386.762848	 354.561768	 85.940323	 386.893341	 314.332977	 87.072456	 386.836273	 334.413757	 73.853806
753.115967	 399.996521	 -1.519521	 729.414490	 411.182465	 -4.074377	 386.764404	 354.558533	 85.944054	 386.897064	 314.332092	 87.069893	 386.838623	 334.414001	 73.853340
753.126465	 399.932556	 -1.535372	 729.409119	 411.137207	 -4.061870	 386.762482	 354.559204	 85.944046	 386.893738	 314.331238	 87.074509	 386.836578	 334.413361	 73.859673
753.137329	 399.867096	 -1.556610	 729.395020	 411.085846	 -4.051928	 386.759491	 354.560760	 85.943977	 386.889740	 314.333710	 87.078163	 386.832886	 334.415253	 73.861069
753.158142	 399.795105	 -1.576316	 729.374817	 411.026245	 -4.046124	 386.757477	 354.559631	 85.940796	 386.888214	 314.332703	 87.076958	 386.829956	 334.411621	 73.855659
753.194580	 399.729126	 -1.596801	 729.338867	 410.966980	 -4.051305	 386.751343	 354.562134	 85.943558	 386.883423	 314.335052	 87.075752	 386.826813	 334.412537	 73.852158
753.246826	 399.664001	 -1.623097	 729.288330	 410.903259	 -4.056599	 386.749084	 354.562531	 85.946594	 386.880035	 314.334900	 87.076866	 386.825531	 334.415680	 73.851593
753.306213	 399.579163	 -1.653507	 729.230286	 410.833771	 -4.064057	 386.751953	 354.561554	 85.945297	 386.881775	 314.332703	 87.079803	 386.826202	 334.414063	 73.856308
753.346924	 399.471771	 -1.663688	 729.158325	 410.747437	 -4.083313	 386.753113	 354.563904	 85.946838	 386.884918	 314.334686	 87.079041	 386.830383	 334.416656	 73.854568
753.368042	 399.348419	 -1.668651	 729.065552	 410.646851	 -4.109094	 386.753967	 354.561829	 85.949760	 386.887238	 314.334290	 87.076790	 386.832581	 334.416962	 73.853790
753.370667	 399.202576	 -1.680696	 728.958374	 410.547699	 -4.154081	 386.757660	 354.561310	 85.948265	 386.887817	 314.335052	 87.076431	 386.833191	 334.414429	 73.854942
753.356873	 399.055054	 -1.736658	 728.820496	 410.436676	 -4.199535	 386.758026	 354.562469	 85.947365	 386.887512	 314.335999	 87.079086	 386.834076	 334.415100	 73.856636
753.325500	 398.888855	 -1.797236	 728.665100	 410.333710	 -4.283428	 386.756500	 354.560760	 85.945610	 386.889282	 314.332214	 87.080215	 386.833679	 334.414978	 73.861801
753.243286	 398.710510	 -1.814338	 728.481140	 410.295746	 -4.318409	 386.754456	 354.562256	 85.945328	 386.887268	 314.334198	 87.078094	 386.831055	 334.415527	 73.858925
753.085144	 398.602203	 -1.790755	 728.220276	 410.344666	 -4.082848	 386.748230	 354.561890	 85.949272	 386.881561	 314.336670	 87.074951	 386.825043	 334.416229	 73.855400
752.878967	 398.520660	 -1.698267	 727.768005	 410.419525	 -3.224539	 386.741241	 354.561096	 85.951111	 386.875244	 314.333771	 87.075356	 386.818390	 334.414001	 73.858788
752.674438	 398.294525	 -1.201658	 727.107727	 410.559540	 -1.739495	 386.731506	 354.563782	 85.950562	 386.865570	 314.335693	 87.079170	 386.808411	 334.415436	 73.862701
752.663879	 397.369385	 0.245614	 726.465149	 410.598999	 0.115678	 386.718689	 354.561768	 85.951950	 386.853455	 314.334534	 87.079346	 386.795288	 334.415100	 73.872269
752.841553	 395.875366	 2.543020	 725.966736	 410.360687	 2.309461	 386.709076	 354.561951	 85.948547	 386.841125	 314.334351	 87.078575	 386.785004	 334.415039	 73.868057
752.829956	 395.012573	 5.103158	 725.480225	 410.006622	 4.915706	 386.699036	 354.565765	 85.947433	 386.828918	 314.337738	 87.079536	 386.770844	 334.417267	 73.862061
752.742920	 394.200165	 7.920074	 724.864136	 409.696960	 7.898792	 386.687805	 354.562195	 85.950737	 386.818542	 314.333862	 87.082764	 386.757568	 334.414673	 73.865738
752.619934	 393.125061	 11.042181	 724.071228	 409.399719	 11.178917	 386.680084	 354.562195	 85.950455	 386.812012	 314.332428	 87.082466	 386.756256	 334.414246	 73.861259
752.411255	 391.889465	 14.383995	 723.119080	 408.997559	 14.716633	 386.680084	 354.562561	 85.947906	 386.811371	 314.333954	 87.078804	 386.757202	 334.416199	 73.855423
752.095459	 390.538849	 17.873125	 721.972046	 408.463013	 18.508799	 386.681824	 354.559570	 85.948433	 386.813965	 314.331940	 87.082390	 386.759003	 334.413208	 73.856934
751.643066	 389.048218	 21.458370	 720.584717	 407.861511	 22.603189	 386.684814	 354.563080	 85.945000	 386.816803	 314.334564	 87.083298	 386.764313	 334.413574	 73.857315
751.039246	 387.424713	 25.139095	 718.971680	 407.215210	 26.942495	 386.692017	 354.563751	 85.942017	 386.822968	 314.334747	 87.082176	 386.767365	 334.414764	 73.859032
750.256653	 385.701538	 28.951139	 717.121704	 406.545319	 31.447016	 386.696655	 354.562256	 85.941826	 386.829193	 314.332703	 87.080750	 386.771179	 334.413177	 73.859566
749.267212	 383.909180	 32.893631	 715.038086	 405.885651	 36.028442	 386.700165	 354.563995	 85.940338	 386.830017	 314.334717	 87.081329	 386.771698	 334.414490	 73.863029
748.060486	 382.052338	 36.938469	 712.726013	 405.267487	 40.644020	 386.703552	 354.562408	 85.943260	 386.832245	 314.333527	 87.085190	 386.773651	 334.413910	 73.866852
746.613708	 380.165314	 41.057156	 710.167725	 404.706055	 45.319698	 386.704163	 354.562531	 85.944054	 386.835236	 314.333008	 87.085922	 386.777496	 334.414703	 73.864304
744.922546	 378.302795	 45.207851	 707.385864	 404.172699	 50.012447	 386.704468	 354.562897	 85.947105	 386.833984	 314.334198	 87.083595	 386.777283	 334.417114	 73.861099
742.975830	 376.458923	 49.384953	 704.409058	 403.666595	 54.661926	 386.702301	 354.561035	 85.949928	 386.831970	 314.331024	 87.082115	 386.773865	 334.413239	 73.865105
740.780273	 374.631165	 53.558796	 701.232666	 403.176270	 59.280590	 386.696869	 354.561554	 85.949211	 386.826508	 314.331360	 87.087151	 386.771729	 334.413452	 73.863701
738.324768	 372.815979	 57.739990	 697.878235	 402.651337	 63.869114	 386.693451	 354.559967	 85.948845	 386.824158	 314.332306	 87.083733	 386.769531	 334.414093	 73.861885
735.600281	 371.009094	 61.929462	 694.347839	 402.075104	 68.411629	 386.690552	 354.557617	 85.946747	 386.821960	 314.330139	 87.077858	 386.766052	 334.411987	 73.859512
732.607666	 369.211243	 66.118599	 690.619812	 401.456787	 72.931877	 386.687866	 354.559662	 85.946457	 386.819672	 314.332672	 87.081299	 386.766235	 334.416321	 73.856468
729.349670	 367.417877	 70.260468	 686.664612	 400.801575	 77.477295	 386.691284	 354.560242	 85.947189	 386.822021	 314.333679	 87.084938	 386.767303	 334.416565	 73.859413
725.805725	 365.631317	 74.342331	 682.459900	 400.132355	 82.057419	 386.694214	 354.559723	 85.947731	 386.823486	 314.334015	 87.087257	 386.771729	 334.414886	 73.857307
721.970642	 363.872192	 78.381554	 678.004883	 399.486938	 86.644066	 386.693756	 354.560577	 85.951500	 386.826294	 314.335052	 87.082527	 386.772858	 334.415863	 73.856506
717.826294	 362.167145	 82.422379	 673.302368	 398.876556	 91.162300	 386.698761	 354.559692	 85.948151	 386.832184	 314.333160	 87.078369	 386.773041	 334.415131	 73.859566
713.363037	 360.507507	 86.480179	 668.361084	 398.267334	 95.535614	 386.702148	 354.559998	 85.945793	 386.836365	 314.332703	 87.077705	 386.776093	 334.415375	 73.861420
708.632324	 358.864655	 90.481895	 663.166809	 397.635406	 99.713272	 386.702515	 354.559998	 85.949852	 386.836761	 314.334015	 87.080971	 386.781799	 334.416351	 73.856956
703.649048	 357.205780	 94.397179	 657.684326	 397.023163	 103.652557	 386.704254	 354.557831	 85.947311	 386.836121	 314.333221	 87.082428	 386.781860	 334.413879	 73.855949
698.416504	 355.523407	 98.175087	 651.907166	 396.456116	 107.317261	 386.705139	 354.559387	 85.939293	 386.835541	 314.333740	 87.076698	 386.777710	 334.414795	 73.860542
692.970886	 353.806580	 101.735527	 645.855042	 395.931763	 110.673981	 386.701569	 354.558655	 85.943169	 386.833466	 314.333740	 87.076050	 386.775177	 334.417053	 73.861420
687.364807	 352.039886	 105.116508	 639.560181	 395.441589	 113.708633	 386.698303	 354.557251	 85.943420	 386.828400	 314.331635	 87.078049	 386.771057	 334.414917	 73.862022
681.628601	 350.251770	 108.404144	 633.066223	 394.971619	 116.425911	 386.693848	 354.560669	 85.943108	 386.821960	 314.333405	 87.081421	 386.769531	 334.416901	 73.854790
675.734070	 348.485382	 111.625420	 626.417847	 394.555237	 118.856125	 386.689087	 354.560333	 85.944801	 386.819763	 314.334595	 87.084152	 386.764160	 334.415527	 73.859436
669.639648	 346.758636	 114.741714	 619.631775	 394.279785	 121.027374	 386.690033	 354.561249	 85.936539	 386.819397	 314.333344	 87.081688	 386.762329	 334.414246	 73.861382
663.348633	 345.080444	 117.653587	 612.753479	 394.161133	 122.948143	 386.691498	 354.563995	 85.936874	 386.819031	 314.334198	 87.080765	 386.764801	 334.416779	 73.854172
656.889832	 343.429413	 120.209808	 605.844788	 394.132843	 124.627487	 386.689850	 354.559906	 85.947327	 386.819855	 314.332092	 87.082527	 386.766876	 334.412933	 73.854111
650.320190	 341.753937	 122.312515	 598.951965	 394.159668	 126.097229	 386.694214	 354.559265	 85.944618	 386.825348	 314.331818	 87.079254	 386.768402	 334.411865	 73.859184
643.721313	 339.985779	 123.939751	 592.102661	 394.243591	 127.457779	 386.701263	 354.560913	 85.942162	 386.830566	 314.333374	 87.083504	 386.775787	 334.414886	 73.853935
637.151245	 338.105988	 125.091530	 585.320984	 394.325531	 128.774551	 386.707886	 354.560211	 85.945183	 386.839203	 314.331665	 87.084366	 386.781982	 334.414276	 73.857018
630.596313	 336.184326	 125.889786	 578.623901	 394.309540	 130.044647	 386.712250	 354.562469	 85.944649	 386.844299	 314.332611	 87.081223	 386.786377	 334.415070	 73.859077
624.034485	 334.310272	 126.484673	 572.027649	 394.181610	 131.207901	 386.715302	 354.561523	 85.945175	 386.846222	 314.333130	 87.079170	 386.788025	 334.414032	 73.866409
617.498413	 332.510803	 126.960098	 565.546997	 393.969604	 132.153656	 386.719025	 354.561066	 85.943184	 386.850220	 314.331573	 87.077095	 386.791168	 334.414581	 73.863686
611.055908	 330.745148	 127.407013	 559.182373	 393.657318	 132.754974	 386.718689	 354.563385	 85.945389	 386.847931	 314.334442	 87.083954	 386.793060	 334.416626	 73.861076
604.787354	 328.929077	 127.849297	 552.929443	 393.242096	 132.941376	 386.717072	 354.559967	 85.951088	 386.847626	 314.333862	 87.084450	 386.790527	 334.412933	 73.868118
598.751221	 327.014069	 128.248459	 546.795959	 392.755310	 132.666046	 386.713806	 354.560394	 85.949867	 386.846741	 314.333160	 87.080177	 386.788086	 334.413239	 73.862900
592.893982	 324.989075	 128.498337	 540.805359	 392.228577	 131.989502	 386.706970	 354.561188	 85.946762	 386.840179	 314.334534	 87.077827	 386.780609	 334.415222	 73.861656
587.178101	 322.850189	 128.445358	 534.980591	 391.716370	 131.117371	 386.701141	 354.557129	 85.946945	 386.833130	 314.330170	 87.074646	 386.773956	 334.411194	 73.859962
581.565002	 320.652161	 128.049118	 529.335327	 391.222015	 130.251434	 386.692291	 354.558075	 85.947983	 386.822968	 314.330231	 87.077103	 386.768341	 334.412201	 73.853752
576.009766	 318.466614	 127.356850	 523.893188	 390.666412	 129.446442	 386.684937	 354.556854	 85.948120	 386.815399	 314.330414	 87.078682	 386.761597	 334.411560	 73.853447
570.530457	 316.322083	 126.464737	 518.636475	 390.010590	 128.693695	 386.681824	 354.555664	 85.949509	 386.812775	 314.328522	 87.075951	 386.758636	 334.410309	 73.854561
565.162720	 314.221191	 125.524017	 513.566833	 389.302399	 127.949486	 386.677826	 354.558441	 85.948769	 386.807129	 314.330078	 87.076462	 386.750977	 334.412262	 73.861130
559.961304	 312.153198	 124.658302	 508.672058	 388.543701	 127.133141	 386.676147	 354.556213	 85.943459	 386.804474	 314.328033	 87.082001	 386.746735	 334.410461	 73.869186
554.915161	 310.131927	 123.904686	 503.918579	 387.754425	 126.183609	 386.672882	 354.555450	 85.943466	 386.803436	 314.328278	 87.077599	 386.744293	 334.408051	 73.865112
549.990845	 308.172363	 123.219200	 499.329010	 387.035645	 125.072433	 386.669159	 354.555328	 85.944672	 386.798950	 314.329468	 87.076744	 386.742920	 334.409210	 73.858528
545.196106	 306.253693	 122.483978	 494.924286	 386.453461	 123.812485	 386.668610	 354.553558	 85.944351	 386.797913	 314.325684	 87.080208	 386.740845	 334.406250	 73.858589
540.516052	 304.385101	 121.632507	 490.695313	 385.962280	 122.443497	 386.666504	 354.555511	 85.944366	 386.796387	 314.325867	 87.080688	 386.738983	 334.406311	 73.862190
535.938904	 302.609711	 120.628525	 486.612000	 385.458282	 121.046799	 386.665314	 354.553619	 85.945587	 386.794769	 314.325806	 87.083282	 386.739197	 334.408112	 73.861984
531.427429	 300.965607	 119.499588	 482.670776	 384.979645	 119.720627	 386.662628	 354.549805	 85.945976	 386.788696	 314.323273	 87.086868	 386.734955	 334.404541	 73.864288
526.987427	 299.451111	 118.268066	 478.892609	 384.640625	 118.510773	 386.656860	 354.551270	 85.943871	 386.782013	 314.325104	 87.087898	 386.730927	 334.405212	 73.859497
522.616821	 298.070862	 116.968918	 475.271973	 384.456818	 117.398682	 386.651520	 354.549866	 85.945602	 386.780273	 314.324188	 87.081070	 386.722626	 334.404480	 73.860611
518.292236	 296.872894	 115.599602	 471.792542	 384.440216	 116.309074	 386.643158	 354.547363	 85.950684	 386.773682	 314.320648	 87.076706	 386.715363	 334.401703	 73.859352
514.035339	 295.852905	 114.137917	 468.453796	 384.580902	 115.202087	 386.637756	 354.548462	 85.947891	 386.766541	 314.320770	 87.077522	 386.711182	 334.402771	 73.856140
509.916809	 294.975464	 112.603043	 465.248535	 384.787201	 114.094231	 386.637756	 354.549530	 85.938042	 386.763367	 314.318878	 87.080101	 386.708618	 334.401001	 73.860428
505.953400	 294.242004	 111.099182	 462.164093	 384.981903	 113.030258	 386.635620	 354.549469	 85.938446	 386.760193	 314.319061	 87.082893	 386.705780	 334.399567	 73.862297
502.144836	 293.654449	 109.690048	 459.210388	 385.172272	 112.032104	 386.631470	 354.548615	 85.942230	 386.758026	 314.320251	 87.080185	 386.701141	 334.399658	 73.865852
498.475616	 293.199280	 108.383179	 456.409821	 385.436005	 111.076843	 386.626984	 354.544891	 85.946510	 386.755341	 314.317688	 87.078560	 386.698273	 334.396759	 73.864792
494.939453	 292.876007	 107.197716	 453.771881	 385.806213	 110.101097	 386.620789	 354.544067	 85.955963	 386.753876	 314.317871	 87.080383	 386.699402	 334.397614	 73.856071
491.577545	 292.626923	 106.141640	 451.279541	 386.228455	 109.008659	 386.623901	 354.544952	 85.952271	 386.756165	 314.318024	 87.080864	 386.701477	 334.401001	 73.859505
488.423065	 292.409424	 105.272720	 448.907623	 386.663666	 107.702126	 386.627869	 354.543945	 85.951866	 386.755798	 314.316132	 87.083092	 386.702850	 334.399078	 73.861153
485.468567	 292.228210	 104.611412	 446.657593	 387.110992	 106.168663	 386.623962	 354.544159	 85.953041	 386.756927	 314.316681	 87.077751	 386.700073	 334.397949	 73.863953
482.679260	 292.083374	 104.103897	 444.545868	 387.559326	 104.476044	 386.622589	 354.541595	 85.947731	 386.755310	 314.314423	 87.077148	 386.699554	 334.395264	 73.865570
480.040985	 291.961731	 103.656738	 442.586884	 387.991211	 102.804092	 386.621765	 354.540192	 85.945435	 386.748779	 314.311310	 87.081352	 386.694794	 334.392395	 73.863007
477.550934	 291.841309	 103.227600	 440.736176	 388.316742	 101.374329	 386.617462	 354.539703	 85.941994	 386.742310	 314.311554	 87.082039	 386.687378	 334.392517	 73.862236
475.187103	 291.706787	 102.769142	 438.942200	 388.435852	 100.186646	 386.610992	 354.535370	 85.943764	 386.735596	 314.307800	 87.082962	 386.682526	 334.389801	 73.864113
472.922974	 291.553619	 102.214134	 437.194855	 388.354645	 99.090012	 386.600983	 354.535126	 85.946938	 386.728180	 314.306824	 87.084145	 386.673767	 334.388306	 73.864853
470.753784	 291.366302	 101.535156	 435.483032	 388.084808	 97.984093	 386.593506	 354.535339	 85.942360	 386.718201	 314.307800	 87.082008	 386.666840	 334.391632	 73.860939
468.658508	 291.159515	 100.754257	 433.819855	 387.702362	 96.854683	 386.588165	 354.533447	 85.939751	 386.710815	 314.306335	 87.078827	 386.658081	 334.389893	 73.861015
466.622955	 290.964813	 99.802811	 432.235016	 387.325928	 95.680168	 386.581757	 354.535400	 85.939011	 386.704773	 314.308716	 87.080109	 386.650696	 334.388428	 73.860672
464.622437	 290.802673	 98.593155	 430.731842	 386.976166	 94.420578	 386.578644	 354.534210	 85.937263	 386.700775	 314.306488	 87.080383	 386.647186	 334.388458	 73.861465
462.644409	 290.685028	 97.185356	 429.284485	 386.618835	 93.076622	 386.577637	 354.531525	 85.938965	 386.701996	 314.303070	 87.081917	 386.648712	 334.386322	 73.862625
460.711456	 290.644592	 95.717682	 427.902863	 386.248077	 91.677765	 386.579224	 354.531830	 85.944031	 386.709106	 314.307037	 87.074432	 386.651337	 334.386383	 73.862785
458.870758	 290.629517	 94.312775	 426.646606	 385.916443	 90.271675	 386.585419	 354.530426	 85.942749	 386.715363	 314.305359	 87.072197	 386.657654	 334.383636	 73.859062
457.173615	 290.551971	 93.006981	 425.540344	 385.622559	 88.910271	 386.594971	 354.531555	 85.937950	 386.720184	 314.303192	 87.079254	 386.663300	 334.382751	 73.860207
455.596161	 290.418365	 91.769691	 424.536530	 385.248962	 87.596016	 386.601349	 354.532257	 85.940819	 386.729736	 314.306519	 87.077858	 386.670532	 334.385620	 73.861282
454.169830	 290.160309	 90.616646	 423.585266	 384.726318	 86.343964	 386.612061	 354.531555	 85.939987	 386.739227	 314.304535	 87.076561	 386.685303	 334.385986	 73.855850
452.908264	 289.723938	 89.550262	 422.662598	 384.054047	 85.197479	 386.618805	 354.534027	 85.939697	 386.746338	 314.305695	 87.079163	 386.692200	 334.387939	 73.858688
451.772797	 289.134186	 88.594391	 421.744293	 383.227844	 84.173828	 386.622803	 354.534332	 85.940109	 386.749481	 314.306824	 87.081673	 386.695953	 334.388702	 73.860207
450.725250	 288.435455	 87.723877	 420.834259	 382.280396	 83.218941	 386.626862	 354.534180	 85.936134	 386.749512	 314.305725	 87.081482	 386.697784	 334.386902	 73.858643
449.733643	 287.688507	 86.932953	 419.976257	 381.280182	 82.279022	 386.621796	 354.535431	 85.940636	 386.748993	 314.309143	 87.075050	 386.697235	 334.389648	 73.849464
448.776031	 286.953796	 86.225037	 419.197632	 380.231476	 81.340630	 386.617065	 354.532867	 85.943329	 386.747833	 314.306885	 87.069809	 386.692078	 334.388489	 73.855278
447.813019	 286.304718	 85.559959	 418.506195	 379.138763	 80.392441	 386.614807	 354.534943	 85.936935	 386.743042	 314.305725	 87.070724	 386.686066	 334.386902	 73.858673
446.816956	 285.797699	 84.879028	 417.917297	 378.076508	 79.453484	 386.609955	 354.536591	 85.934105	 386.734467	 314.308136	 87.074799	 386.679535	 334.389465	 73.860619
445.773682	 285.456512	 84.182487	 417.426880	 377.090820	 78.545082	 386.605347	 354.532196	 85.938744	 386.730835	 314.305969	 87.076027	 386.680023	 334.388153	 73.861267
444.690216	 285.277557	 83.565598	 417.020813	 376.154358	 77.664421	 386.603546	 354.534607	 85.940536	 386.731323	 314.307373	 87.074051	 386.677277	 334.389130	 73.857590
443.557587	 285.307007	 83.015099	 416.714539	 375.332886	 76.845062	 386.602051	 354.534790	 85.945419	 386.728912	 314.307678	 87.077370	 386.677704	 334.389893	 73.855583
442.355377	 285.615234	 82.422150	 416.679962	 375.136536	 76.363388	 386.603088	 354.532898	 85.947571	 386.732300	 314.304871	 87.075409	 386.679779	 334.386688	 73.855270
441.077728	 286.263794	 81.800400	 416.842926	 375.248169	 76.197601	 386.610779	 354.535492	 85.945961	 386.742249	 314.306549	 87.074196	 386.685486	 334.388306	 73.857376
439.759491	 287.216644	 81.182404	 417.011047	 375.308746	 76.052856	 386.623749	 354.533478	 85.949089	 386.755402	 314.306885	 87.075417	 386.699585	 334.388672	 73.864204
438.470062	 288.274475	 80.502899	 417.105286	 375.363708	 75.875465	 386.632111	 354.532990	 85.950256	 386.763123	 314.306091	 87.075912	 386.711029	 334.389343	 73.857925
437.249908	 289.351044	 79.814491	 417.118927	 375.369537	 75.720047	 386.638428	 354.536255	 85.945206	 386.766266	 314.307617	 87.075439	 386.712677	 334.390411	 73.856392
436.085693	 290.531311	 79.266525	 417.100677	 375.357819	 75.574173	 386.642731	 354.535248	 85.950172	 386.772278	 314.306061	 87.074234	 386.716339	 334.389282	 73.857193
434.963104	 291.863831	 78.895065	 417.140930	 375.309540	 75.114548	 386.637665	 354.535980	 85.949730	 386.770081	 314.305878	 87.075439	 386.715393	 334.389771	 73.853607
433.918121	 293.254944	 78.685280	 417.208069	 375.233826	 74.375969	 386.634064	 354.537323	 85.947121	 386.764557	 314.308380	 87.077126	 386.708771	 334.392517	 73.854485
432.998230	 294.408905	 78.651131	 417.184021	 375.168121	 73.740089	 386.614899	 354.538605	 85.945976	 386.747803	 314.310394	 87.074509	 386.691010	 334.393402	 73.856171
432.212402	 295.073303	 78.720757	 417.060486	 375.106445	 73.119339	 386.534729	 354.549133	 85.924416	 386.666656	 314.321228	 87.062279	 386.620178	 334.403046	 73.837395
431.534180	 295.363434	 78.804245	 416.835449	 375.028412	 72.468330	 386.310394	 354.563751	 85.889908	 386.444489	 314.340057	 87.023300	 386.415863	 334.419952	 73.811684
430.924072	 295.472321	 78.892975	 416.550018	 374.994873	 72.105194	 385.856445	 354.589508	 85.852852	 385.988739	 314.365967	 86.972244	 386.006226	 334.441833	 73.775604
430.352997	 295.515503	 78.972755	 416.309601	 375.057404	 72.171906	 385.309113	 354.639740	 85.801071	 385.404602	 314.410461	 86.938713	 385.492767	 334.488251	 73.735405
428.157135	 296.247864	 78.491768	 416.539490	 375.074280	 72.619003	 384.723358	 354.933380	 85.891579	 384.429413	 314.708252	 87.010712	 384.653320	 334.783112	 73.800697
427.735687	 296.551239	 78.530594	 416.758606	 375.127808	 72.742630	 384.679962	 354.926697	 85.917229	 384.363617	 314.702942	 87.031181	 384.575287	 334.779907	 73.828804
427.386230	 296.835846	 78.694832	 416.935303	 375.162079	 72.855179	 384.609985	 354.895660	 85.929718	 384.295105	 314.671265	 87.038895	 384.500793	 334.749054	 73.839966
427.095367	 297.090332	 78.899704	 417.023712	 375.180542	 72.945259	 384.520782	 354.877075	 85.920914	 384.202271	 314.652527	 87.036331	 384.416290	 334.730286	 73.840576
426.843750	 297.334808	 79.085243	 417.050629	 375.204590	 73.052399	 384.403748	 354.881836	 85.901390	 384.085419	 314.655975	 87.027992	 384.316071	 334.733856	 73.825775
426.625488	 297.548615	 79.256920	 417.103058	 375.220642	 73.142601	 384.319031	 354.885834	 85.898926	 384.003723	 314.660706	 87.025742	 384.240051	 334.739807	 73.816994
426.440887	 297.742065	 79.399803	 417.166992	 375.230072	 73.212349	 384.281677	 354.888458	 85.897530	 383.970001	 314.662140	 87.028107	 384.212341	 334.741089	 73.818993
426.268066	 297.910461	 79.538231	 417.205048	 375.237640	 73.303276	 384.224304	 354.884094	 85.895844	 383.927582	 314.657501	 87.025787	 384.170990	 334.736725	 73.820686
426.099854	 298.037811	 79.689476	 417.199829	 375.230225	 73.418312	 384.137207	 354.868713	 85.891281	 383.858063	 314.641693	 87.024712	 384.108398	 334.720978	 73.820648
425.927124	 298.124725	 79.845016	 417.145752	 375.206635	 73.520126	 384.019165	 354.857452	 85.879089	 383.743164	 314.628235	 87.018120	 384.017883	 334.707001	 73.811356
425.738342	 298.193115	 80.020531	 417.061707	 375.167542	 73.614967	 383.877594	 354.847473	 85.874146	 383.599213	 314.619965	 87.009689	 383.906006	 334.695862	 73.804939
425.538361	 298.246887	 80.222031	 416.941284	 375.121246	 73.753052	 383.701569	 354.833252	 85.859627	 383.420654	 314.606995	 87.002563	 383.772308	 334.681946	 73.791092
425.309723	 298.298340	 80.515900	 416.787445	 375.089813	 73.965439	 383.488159	 354.851654	 85.858276	 383.195038	 314.625610	 87.019592	 383.615082	 334.693024	 73.783165
425.060730	 298.390533	 80.962677	 416.635803	 375.100983	 74.254234	 383.277557	 354.953674	 85.909828	 382.938721	 314.732544	 87.131973	 383.450775	 334.772583	 73.862495
424.806152	 298.560516	 81.628242	 416.493408	 375.195953	 74.641487	 383.072968	 355.182007	 86.053650	 382.664063	 314.964508	 87.423355	 383.284546	 334.949341	 74.100647
424.547913	 298.811554	 82.549408	 416.376556	 375.367096	 75.115356	 382.877014	 355.533722	 86.316711	 382.375519	 315.327759	 87.925240	 383.130280	 335.227753	 74.492058
424.285522	 299.123688	 83.726730	 416.272583	 375.589722	 75.686127	 382.694611	 355.973450	 86.698586	 382.080933	 315.785156	 88.641273	 382.986359	 335.572876	 75.046623
424.017273	 299.482422	 85.158791	 416.119293	 375.845398	 76.408264	 382.476807	 356.445770	 87.241768	 381.764343	 316.280334	 89.582764	 382.818298	 335.927612	 75.795090
423.743256	 299.848755	 86.853180	 415.877747	 376.087463	 77.346123	 382.193451	 356.872437	 87.989876	 381.424011	 316.736755	 90.761345	 382.600922	 336.230682	 76.768890
423.464233	 300.183441	 88.777725	 415.544678	 376.290436	 78.543228	 381.840027	 357.213409	 88.980896	 381.061768	 317.110718	 92.185898	 382.339447	 336.451141	 77.985863
423.167755	 300.462494	 90.959236	 415.151794	 376.443237	 80.018044	 381.443024	 357.479431	 90.243835	 380.665375	 317.413818	 93.856644	 382.035645	 336.600922	 79.476242
422.847931	 300.683044	 93.342346	 414.734314	 376.546417	 81.821533	 381.030914	 357.667511	 91.818100	 380.264069	 317.639343	 95.812325	 381.722504	 336.689850	 81.254219
422.543854	 300.832062	 95.986336	 414.290497	 376.583435	 84.002464	 380.609192	 357.745117	 93.759682	 379.877991	 317.744873	 98.074684	 381.402740	 336.690948	 83.374695
422.249451	 300.874268	 98.924149	 413.810822	 376.537689	 86.621124	 380.159943	 357.687225	 96.137611	 379.490631	 317.703766	 100.650948	 381.055420	 336.581665	 85.872223
421.961578	 300.810638	 102.114433	 413.308746	 376.402832	 89.696861	 379.696503	 357.491425	 98.982567	 379.115753	 317.518982	 103.568474	 380.690247	 336.366852	 88.774025
421.670105	 300.640411	 105.525589	 412.790985	 376.203918	 93.198761	 379.229462	 357.186188	 102.294968	 378.764954	 317.213318	 106.854782	 380.326324	 336.070526	 92.077225
421.387451	 300.394684	 109.213852	 412.273773	 375.947449	 97.098984	 378.768250	 356.805969	 106.052818	 378.429932	 316.821503	 110.498764	 379.957367	 335.726013	 95.754913
421.118561	 300.099487	 113.170532	 411.793121	 375.661224	 101.350975	 378.343567	 356.405121	 110.223740	 378.118134	 316.401398	 114.498245	 379.591400	 335.366058	 99.836815
420.863739	 299.819427	 117.425316	 411.358185	 375.402588	 105.935768	 377.974243	 356.046997	 114.779976	 377.835999	 316.023987	 118.878326	 379.242126	 335.052094	 104.306946
420.631439	 299.586670	 121.996269	 410.977509	 375.182983	 110.828102	 377.665985	 355.749084	 119.717545	 377.596863	 315.708801	 123.655830	 378.920197	 334.801880	 109.160416
420.441284	 299.398193	 126.886398	 410.665161	 375.010223	 116.000992	 377.433594	 355.528473	 125.027847	 377.410553	 315.465729	 128.833054	 378.642120	 334.620544	 114.388412
420.293945	 299.264282	 132.091324	 410.425964	 374.901367	 121.439255	 377.269958	 355.395508	 130.686890	 377.278870	 315.319305	 134.383759	 378.401794	 334.513885	 119.980171
420.195099	 299.175385	 137.587051	 410.230865	 374.828918	 127.142731	 377.157867	 355.306702	 136.675308	 377.203857	 315.227783	 140.281586	 378.203033	 334.446655	 125.908760
420.154816	 299.088684	 143.323654	 410.051483	 374.757599	 133.100815	 377.093048	 355.211090	 142.933990	 377.190094	 315.125854	 146.473709	 378.039276	 334.374573	 132.129135
420.168701	 298.982117	 149.270325	 409.883514	 374.663849	 139.306641	 377.054688	 355.066986	 149.476105	 377.234009	 314.975342	 152.919937	 377.903076	 334.257721	 138.612442
420.226501	 298.839996	 155.406448	 409.733887	 374.534058	 145.721878	 377.048157	 354.863007	 156.266602	 377.328705	 314.763092	 159.601776	 377.804169	 334.085388	 145.332886
420.331543	 298.668396	 161.692825	 409.613373	 374.376221	 152.311905	 377.089081	 354.620605	 163.238373	 377.476257	 314.508484	 166.466599	 377.746185	 333.871735	 152.240967
420.498932	 298.490936	 168.125137	 409.534241	 374.208923	 159.064270	 377.185303	 354.354279	 170.389145	 377.693634	 314.233276	 173.496094	 377.738586	 333.638245	 159.328568
420.743439	 298.329803	 174.690125	 409.510742	 374.047028	 165.951538	 377.357056	 354.079712	 177.701675	 377.993164	 313.952087	 180.703812	 377.804901	 333.396820	 166.582504
421.069397	 298.188538	 181.387497	 409.569611	 373.910675	 172.952545	 377.618866	 353.828125	 185.158066	 378.388031	 313.697815	 188.066223	 377.957275	 333.173187	 173.982925
421.470886	 298.058716	 188.203812	 409.735870	 373.788239	 180.049561	 377.989014	 353.605438	 192.728546	 378.889374	 313.479248	 195.529587	 378.211212	 332.979736	 181.499313
421.956818	 297.917023	 195.079330	 409.998016	 373.656097	 187.238480	 378.473114	 353.388947	 200.379272	 379.479309	 313.257690	 203.083481	 378.564270	 332.785706	 189.104126
422.517487	 297.748779	 201.992630	 410.345764	 373.507690	 194.492218	 379.052795	 353.161530	 208.082306	 380.147034	 313.017944	 210.691803	 379.002289	 332.581482	 196.764038
423.137207	 297.556213	 208.907684	 410.781769	 373.334259	 201.771118	 379.721222	 352.915619	 215.794220	 380.889099	 312.758087	 218.294235	 379.518951	 332.365143	 204.437805
423.820526	 297.341919	 215.803207	 411.290375	 373.145386	 209.037537	 380.460297	 352.648865	 223.487717	 381.703125	 312.485260	 225.849060	 380.114624	 332.134491	 212.077011
424.570190	 297.133636	 222.652557	 411.854919	 372.956146	 216.260178	 381.255981	 352.371002	 231.110245	 382.584076	 312.207977	 233.333740	 380.778229	 331.896973	 219.642975
425.389252	 296.942169	 229.437729	 412.477142	 372.772430	 223.401611	 382.117950	 352.095947	 238.631653	 383.530548	 311.927490	 240.739410	 381.516968	 331.655640	 227.115387
426.269745	 296.765411	 236.163498	 413.166840	 372.604218	 230.427490	 383.045898	 351.845856	 246.034042	 384.540863	 311.672699	 248.036087	 382.327789	 331.432159	 234.475281
427.205841	 296.619415	 242.792892	 413.922150	 372.460358	 237.308441	 384.029663	 351.637451	 253.272156	 385.609711	 311.462555	 255.183426	 383.199280	 331.236816	 241.692657
428.203735	 296.516724	 249.304810	 414.738525	 372.346954	 244.009415	 385.059479	 351.471436	 260.316101	 386.731415	 311.300293	 262.170654	 384.142670	 331.076965	 248.720032
429.255798	 296.452667	 255.683136	 415.609741	 372.275726	 250.507385	 386.136658	 351.361115	 267.133423	 387.889130	 311.193726	 268.987701	 385.139832	 330.962128	 255.550919
430.343750	 296.423981	 261.888519	 416.510986	 372.225830	 256.792053	 387.242706	 351.286407	 273.697205	 389.065765	 311.122742	 275.588409	 386.167084	 330.877808	 262.151489
431.443298	 296.405151	 267.894623	 417.424072	 372.186920	 262.838104	 388.338776	 351.219543	 279.989594	 390.243256	 311.061951	 281.917297	 387.213928	 330.799011	 268.471344
432.543243	 296.400146	 273.670441	 418.332275	 372.157318	 268.631348	 389.406158	 351.156982	 285.983643	 391.400208	 311.005066	 287.944824	 388.249359	 330.719910	 274.493225
433.632172	 296.399231	 279.172424	 419.225739	 372.124512	 274.153259	 390.442871	 351.090271	 291.655731	 392.524628	 310.943451	 293.659210	 389.262909	 330.637421	 280.203430
434.699615	 296.396667	 284.383942	 420.083252	 372.089630	 279.386047	 391.431641	 351.013763	 296.998657	 393.608765	 310.870789	 299.035950	 390.252808	 330.544220	 285.580475
435.735077	 296.388794	 289.289612	 420.897888	 372.044861	 284.318390	 392.360016	 350.909882	 302.003571	 394.646027	 310.774933	 304.065094	 391.202728	 330.429626	 290.597717
436.739349	 296.367462	 293.859467	 421.677856	 371.980621	 288.945007	 393.234070	 350.776184	 306.656372	 395.635223	 310.649109	 308.736755	 392.109741	 330.288666	 295.254395
437.688232	 296.326996	 298.096710	 422.415314	 371.903320	 293.248993	 394.041504	 350.625519	 310.952728	 396.562683	 310.507355	 313.031769	 392.966064	 330.134399	 299.546814
438.576721	 296.271362	 301.973602	 423.097565	 371.809509	 297.197937	 394.784302	 350.455109	 314.863068	 397.416077	 310.346619	 316.945007	 393.754089	 329.963257	 303.469269
439.420471	 296.215729	 305.468719	 423.714050	 371.709381	 300.764709	 395.463959	 350.278961	 318.383362	 398.204681	 310.174896	 320.464661	 394.480255	 329.780945	 307.003571
440.189911	 296.170929	 308.591125	 424.279938	 371.629486	 303.942993	 396.076202	 350.128479	 321.499908	 398.919708	 310.028870	 323.584381	 395.151245	 329.624878	 310.120758
440.887817	 296.137115	 311.308350	 424.795685	 371.563934	 306.710175	 396.621399	 350.002960	 324.198334	 399.553467	 309.910522	 326.295319	 395.751495	 329.498627	 312.820282
441.502533	 296.109863	 313.608093	 425.236420	 371.506439	 309.036011	 397.093475	 349.900085	 326.472839	 400.102295	 309.814880	 328.581390	 396.275421	 329.393158	 315.092651
442.015320	 296.090576	 315.484070	 425.590149	 371.457153	 310.940521	 397.479919	 349.806824	 328.317719	 400.559174	 309.728027	 330.423859	 396.712555	 329.302094	 316.933075
442.437927	 296.068146	 316.907745	 425.841888	 371.400970	 312.429596	 397.760681	 349.687927	 329.739044	 400.920868	 309.612183	 331.813507	 397.049347	 329.190552	 318.337738
442.751434	 296.055176	 317.868347	 425.982971	 371.354919	 313.480408	 397.926819	 349.561768	 330.720734	 401.178528	 309.490570	 332.745758	 397.280426	 329.075439	 319.284973
442.935547	 296.068542	 318.373871	 426.027740	 371.330200	 314.068878	 397.993958	 349.466949	 331.233307	 401.324005	 309.402374	 333.213745	 397.404449	 328.993103	 319.771088
442.998535	 296.089020	 318.393921	 425.982788	 371.323273	 314.174316	 397.970215	 349.403198	 331.266724	 401.360657	 309.340942	 333.196899	 397.424530	 328.942566	 319.781616
442.952209	 296.108856	 317.918152	 425.867798	 371.322571	 313.818939	 397.871490	 349.356049	 330.833466	 401.297028	 309.291718	 332.700104	 397.354523	 328.915833	 319.310089
442.811005	 296.114044	 316.954865	 425.731598	 371.318207	 313.009186	 397.728394	 349.323914	 329.952240	 401.151733	 309.254364	 331.733765	 397.220673	 328.911407	 318.382263
442.572845	 296.093933	 315.497253	 425.576202	 371.314972	 311.743103	 397.546143	 349.312897	 328.610107	 400.922455	 309.232330	 330.279510	 397.027283	 328.930023	 316.984436
442.230865	 296.048401	 313.541046	 425.370087	 371.296875	 310.031342	 397.295105	 349.293610	 326.794617	 400.592834	 309.203003	 328.316589	 396.751923	 328.956726	 315.089508
441.784271	 295.964294	 311.101746	 425.084290	 371.242950	 307.878082	 396.938416	 349.220337	 324.503357	 400.158813	 309.118591	 325.832214	 396.378174	 328.943024	 312.696960
441.233215	 295.836853	 308.194153	 424.691589	 371.154907	 305.285248	 396.453888	 349.092987	 321.725281	 399.596313	 308.977051	 322.833557	 395.888458	 328.883057	 309.804932
440.562836	 295.692017	 304.830536	 424.180267	 371.051483	 302.231934	 395.820862	 348.944580	 318.457306	 398.883423	 308.816864	 319.336823	 395.266357	 328.803467	 306.418701
439.776978	 295.549347	 301.046082	 423.534210	 370.941986	 298.724731	 395.037598	 348.792297	 314.692932	 398.031158	 308.656372	 315.355865	 394.521942	 328.719757	 302.528717
438.889587	 295.427155	 296.867554	 422.759094	 370.849274	 294.759644	 394.111450	 348.663574	 310.437683	 397.048401	 308.521057	 310.916809	 393.656464	 328.650696	 298.156036
437.903931	 295.346680	 292.339294	 421.863953	 370.784546	 290.354584	 393.058929	 348.579163	 305.710297	 395.942841	 308.430939	 306.072266	 392.675293	 328.610779	 293.362030
436.839722	 295.318878	 287.499329	 420.861633	 370.766296	 285.535461	 391.894348	 348.542480	 300.551239	 394.746796	 308.392029	 300.856232	 391.607941	 328.604218	 288.168915
435.722321	 295.358093	 282.373230	 419.764282	 370.805969	 280.325195	 390.635132	 348.574371	 295.003326	 393.480164	 308.423798	 295.295166	 390.469818	 328.645355	 282.598511
434.558685	 295.466217	 276.983215	 418.595917	 370.902252	 274.753387	 389.307098	 348.678253	 289.097412	 392.156952	 308.529388	 289.434052	 389.276367	 328.741791	 276.701752
433.359253	 295.632538	 271.356323	 417.381317	 371.054016	 268.865967	 387.933777	 348.849792	 282.884430	 390.800323	 308.704041	 283.305145	 388.051849	 328.894348	 270.517822
432.140686	 295.863861	 265.525818	 416.156799	 371.272278	 262.701721	 386.546509	 349.102814	 276.408783	 389.424164	 308.958191	 276.951050	 386.818970	 329.115326	 264.079071
430.909485	 296.166718	 259.536957	 414.955933	 371.559021	 256.309723	 385.176483	 349.444214	 269.701416	 388.042877	 309.302307	 270.416626	 385.592834	 329.415466	 257.438141
429.676544	 296.523743	 253.401581	 413.778473	 371.905731	 249.751907	 383.835571	 349.863770	 262.834473	 386.669312	 309.727722	 263.724854	 384.375946	 329.785828	 250.658081
428.442688	 296.919678	 247.131714	 412.619751	 372.287476	 243.087418	 382.508209	 350.320984	 255.852966	 385.298065	 310.186218	 256.914124	 383.167908	 330.196533	 243.761551
427.206940	 297.308350	 240.765900	 411.486542	 372.669678	 236.373138	 381.196564	 350.764221	 248.791718	 383.937286	 310.629700	 250.005630	 381.983307	 330.610962	 236.773224
425.978516	 297.664459	 234.323746	 410.387146	 373.038025	 229.664627	 379.921234	 351.176270	 241.710022	 382.601379	 311.043518	 243.011154	 380.827026	 331.009003	 229.734680
424.780548	 297.987244	 227.808914	 409.335754	 373.367249	 223.006271	 378.689850	 351.546600	 234.663254	 381.297424	 311.407532	 235.981171	 379.710358	 331.380646	 222.687454
423.603943	 298.237183	 221.262436	 408.326080	 373.639954	 216.429886	 377.500366	 351.852966	 227.681213	 380.033325	 311.701416	 228.938614	 378.631531	 331.703033	 215.669815
422.454651	 298.416077	 214.699722	 407.339630	 373.852753	 209.966324	 376.351288	 352.075500	 220.766022	 378.812592	 311.914734	 221.898239	 377.589996	 331.964844	 208.694397
421.352173	 298.548615	 208.136780	 406.378601	 374.009583	 203.621307	 375.239410	 352.214111	 213.958145	 377.649231	 312.051788	 214.897430	 376.593567	 332.169067	 201.782776
420.293579	 298.675201	 201.653732	 405.458160	 374.162903	 197.403259	 374.176666	 352.324615	 207.291031	 376.553833	 312.167084	 207.983643	 375.646820	 332.358643	 194.982605
419.284515	 298.856445	 195.325256	 404.597443	 374.368286	 191.319305	 373.191010	 352.502136	 200.763367	 375.517517	 312.338867	 201.245865	 374.759064	 332.606232	 188.355927
418.332886	 299.127930	 189.206039	 403.827118	 374.654755	 185.361923	 372.289917	 352.790680	 194.412430	 374.546722	 312.614960	 194.748093	 373.948425	 332.944183	 181.931015
417.441437	 299.476410	 183.339783	 403.139130	 375.029999	 179.566406	 371.473724	 353.196594	 188.264542	 373.656494	 313.010345	 188.490250	 373.201721	 333.379150	 175.744949
416.627594	 299.895966	 177.745087	 402.518463	 375.472321	 173.973801	 370.731873	 353.685455	 182.347870	 372.836731	 313.492401	 182.515762	 372.525909	 333.886230	 169.808838
415.892365	 300.368103	 172.446487	 401.958527	 375.965210	 168.606293	 370.055725	 354.219482	 176.692032	 372.090698	 314.031921	 176.840057	 371.925232	 334.434174	 164.146652
415.230530	 300.882843	 167.429276	 401.458801	 376.498627	 163.481491	 369.451935	 354.810638	 171.294708	 371.418671	 314.620087	 171.459885	 371.392914	 335.020538	 158.769501
414.637848	 301.421143	 162.700623	 401.040405	 377.054321	 158.601868	 368.928802	 355.438141	 166.176926	 370.819824	 315.240692	 166.381332	 370.926575	 335.634155	 153.680634
414.122833	 301.969238	 158.272110	 400.701385	 377.624115	 153.990692	 368.494995	 356.081635	 161.351837	 370.298462	 315.880829	 161.621475	 370.533966	 336.254791	 148.903580
413.692261	 302.525177	 154.131958	 400.447784	 378.199982	 149.656235	 368.152924	 356.735657	 156.845154	 369.866028	 316.532745	 157.187912	 370.228821	 336.883606	 144.435379
413.354401	 303.065674	 150.259933	 400.290070	 378.756531	 145.594177	 367.906403	 357.375854	 152.655899	 369.530334	 317.173187	 153.070068	 370.000793	 337.504486	 140.289444
413.090912	 303.569977	 146.658676	 400.198883	 379.284790	 141.796066	 367.743958	 357.993683	 148.751984	 369.272125	 317.786407	 149.260010	 369.834808	 338.091339	 136.442368
412.895966	 304.032288	 143.298233	 400.159149	 379.769775	 138.244095	 367.632111	 358.554962	 145.146118	 369.078735	 318.346985	 145.740265	 369.720001	 338.623749	 132.876953
412.764130	 304.424286	 140.151413	 400.143494	 380.177948	 134.951126	 367.560883	 359.022339	 141.811539	 368.941101	 318.816956	 142.468124	 369.647888	 339.069855	 129.571075
412.676178	 304.735443	 137.211029	 400.131836	 380.509583	 131.908386	 367.515198	 359.400299	 138.717911	 368.846283	 319.189667	 139.422791	 369.595459	 339.428040	 126.517281
412.629974	 304.989105	 134.463547	 400.133301	 380.779022	 129.090607	 367.480469	 359.689270	 135.886230	 368.792450	 319.484070	 136.604630	 369.568451	 339.713989	 123.691704
412.621094	 305.214600	 131.927353	 400.155762	 381.016174	 126.488533	 367.481598	 359.930115	 133.294800	 368.776947	 319.726685	 134.035156	 369.566406	 339.946564	 121.101753
412.646149	 305.437592	 129.619537	 400.207977	 381.250946	 124.080490	 367.520325	 360.166229	 130.936768	 368.799835	 319.955963	 131.741028	 369.586975	 340.164642	 118.779144
412.715179	 305.669800	 127.530273	 400.303192	 381.490845	 121.867905	 367.602692	 360.409027	 128.835144	 368.882111	 320.204102	 129.694336	 369.647614	 340.392212	 116.706001
412.833588	 305.915161	 125.622383	 400.444916	 381.744110	 119.825539	 367.745636	 360.678253	 126.959770	 369.015076	 320.476654	 127.892860	 369.740570	 340.632660	 114.869453
412.990936	 306.164703	 123.869865	 400.619781	 382.001709	 117.931763	 367.932068	 360.962646	 125.263092	 369.179535	 320.761475	 126.307877	 369.862732	 340.881561	 113.214333
413.167145	 306.394287	 122.240349	 400.814301	 382.237000	 116.154778	 368.137268	 361.224060	 123.706245	 369.369385	 321.025055	 124.863686	 370.000702	 341.109955	 111.701477
413.348511	 306.579132	 120.668915	 401.011566	 382.435699	 114.477196	 368.344238	 361.447205	 122.237404	 369.558319	 321.247894	 123.490318	 370.149872	 341.305450	 110.266861
413.517487	 306.702881	 119.133347	 401.205994	 382.581268	 112.871246	 368.537872	 361.620544	 120.820297	 369.727295	 321.426331	 122.123634	 370.278534	 341.462860	 108.863327
413.671234	 306.762695	 117.617287	 401.384308	 382.671234	 111.320702	 368.712921	 361.734680	 119.422920	 369.877808	 321.541443	 120.746742	 370.389343	 341.565033	 107.480415
413.817322	 306.776184	 116.123520	 401.528259	 382.714935	 109.820610	 368.861633	 361.783936	 118.046593	 370.009338	 321.586700	 119.376442	 370.491516	 341.611237	 106.102768
413.968384	 306.773224	 114.673698	 401.638367	 382.726959	 108.378197	 368.981598	 361.776733	 116.698021	 370.140503	 321.578278	 118.014565	 370.584564	 341.610107	 104.740974
414.129852	 306.779846	 113.299980	 401.743988	 382.741119	 106.979362	 369.096741	 361.754547	 115.373024	 370.289185	 321.557831	 116.692772	 370.690002	 341.585815	 103.418015
414.303711	 306.811127	 111.992882	 401.881927	 382.775757	 105.591873	 369.238739	 361.763885	 114.083160	 370.454407	 321.569733	 115.427925	 370.826721	 341.586334	 102.135513
414.481232	 306.857178	 110.737129	 402.066528	 382.819458	 104.211090	 369.421814	 361.818817	 112.792656	 370.634888	 321.625336	 114.197502	 370.987488	 341.618469	 100.881500
414.660645	 306.902588	 109.514069	 402.287506	 382.864655	 102.837883	 369.631592	 361.901550	 111.502083	 370.818298	 321.710083	 112.991364	 371.170319	 341.673370	 99.635269
414.840668	 306.939453	 108.331902	 402.530640	 382.906433	 101.491341	 369.854492	 361.996521	 110.212952	 371.000763	 321.806122	 111.803558	 371.371826	 341.738770	 98.391647
415.026703	 306.968567	 107.199890	 402.798279	 382.943573	 100.188400	 370.095001	 362.095734	 108.944695	 371.184967	 321.908203	 110.641876	 371.584625	 341.806549	 97.176132
415.219360	 306.990906	 106.136467	 403.093903	 382.982697	 98.937187	 370.357391	 362.210846	 107.716682	 371.377899	 322.022583	 109.509491	 371.818695	 341.891388	 95.999878
415.415558	 306.997253	 105.116867	 403.411743	 383.011597	 97.751381	 370.625153	 362.334747	 106.543236	 371.557098	 322.150543	 108.409317	 372.046234	 341.988892	 94.868088
415.597168	 306.980133	 104.117393	 403.738220	 383.025146	 96.628593	 370.903442	 362.448608	 105.410553	 371.730286	 322.265320	 107.337334	 372.282318	 342.080505	 93.766922
415.773529	 306.943787	 103.127647	 404.064056	 383.016235	 95.571823	 371.183258	 362.522827	 104.348022	 371.920715	 322.339142	 106.294594	 372.524414	 342.144562	 92.716614
415.949463	 306.870514	 102.163284	 404.377533	 382.965240	 94.615616	 371.455780	 362.530457	 103.377197	 372.116516	 322.350616	 105.304581	 372.759186	 342.160095	 91.732513
416.133209	 306.764191	 101.239395	 404.679321	 382.883881	 93.756622	 371.722900	 362.487762	 102.498093	 372.318512	 322.304993	 104.383980	 372.995575	 342.126801	 90.835320
416.316467	 306.640961	 100.365166	 404.974762	 382.789673	 92.987808	 371.990021	 362.425812	 101.722672	 372.529236	 322.238617	 103.548134	 373.228424	 342.081024	 90.033638
416.503296	 306.514069	 99.547562	 405.273987	 382.690033	 92.302116	 372.271576	 362.363464	 101.029457	 372.749451	 322.171844	 102.792931	 373.466125	 342.036804	 89.310234
416.698700	 306.394196	 98.775848	 405.579956	 382.597992	 91.673027	 372.560242	 362.307800	 100.423340	 372.975891	 322.109589	 102.115196	 373.707733	 341.997284	 88.656342
416.899536	 306.271088	 98.028160	 405.874359	 382.500214	 91.100372	 372.847473	 362.238739	 99.875229	 373.207306	 322.038788	 101.493752	 373.939056	 341.951050	 88.073326
417.103241	 306.126587	 97.309334	 406.154572	 382.385223	 90.555305	 373.117432	 362.136414	 99.374191	 373.442169	 321.934998	 100.897926	 374.164337	 341.874542	 87.524803
417.311829	 305.980255	 96.595116	 406.415161	 382.267212	 90.026993	 373.377716	 362.022491	 98.877617	 373.671265	 321.816437	 100.311676	 374.382080	 341.783112	 86.982597
417.517334	 305.847198	 95.878204	 406.675110	 382.153229	 89.488625	 373.641083	 361.917664	 98.368614	 373.902985	 321.707642	 99.719788	 374.598389	 341.702637	 86.429176
417.718262	 305.733032	 95.178108	 406.941803	 382.058990	 88.921127	 373.905518	 361.833557	 97.840652	 374.140503	 321.621094	 99.121262	 374.823792	 341.636566	 85.860603
417.921936	 305.648956	 94.472183	 407.191010	 381.986511	 88.324280	 374.159485	 361.769348	 97.280724	 374.370636	 321.554688	 98.505318	 375.045013	 341.584229	 85.273857
418.117645	 305.582397	 93.764015	 407.422821	 381.923035	 87.690086	 374.397186	 361.706329	 96.671288	 374.593292	 321.489471	 97.863022	 375.254761	 341.532104	 84.652931
418.304565	 305.521759	 93.040810	 407.629578	 381.866577	 87.017136	 374.604431	 361.641998	 96.021545	 374.792542	 321.421906	 97.193901	 375.447327	 341.476196	 83.994705
418.477173	 305.461884	 92.307610	 407.807068	 381.804291	 86.314743	 374.783234	 361.566345	 95.330078	 374.972931	 321.346100	 96.480896	 375.624756	 341.410431	 83.289696
418.647217	 305.389130	 91.555016	 407.982300	 381.731323	 85.587639	 374.952271	 361.477875	 94.606522	 375.150787	 321.258850	 95.732910	 375.796021	 341.330139	 82.549515
418.814545	 305.317200	 90.791847	 408.157104	 381.666443	 84.845406	 375.125946	 361.406158	 93.864166	 375.325134	 321.186737	 94.974045	 375.969574	 341.261719	 81.792480
418.983612	 305.257538	 90.039261	 408.329468	 381.607788	 84.103111	 375.298126	 361.349823	 93.124329	 375.494110	 321.130188	 94.221176	 376.141998	 341.210052	 81.040131
419.155701	 305.204132	 89.296814	 408.505249	 381.557953	 83.375031	 375.470886	 361.295837	 92.387642	 375.668091	 321.075104	 93.471077	 376.317200	 341.159912	 80.300758
419.329468	 305.167725	 88.549751	 408.685730	 381.523193	 82.646790	 375.650726	 361.260803	 91.662857	 375.844299	 321.038971	 92.737068	 376.488190	 341.127197	 79.575050
419.500153	 305.147797	 87.805084	 408.873260	 381.498260	 81.917725	 375.838715	 361.251129	 90.950768	 376.021423	 321.028656	 92.017143	 376.662476	 341.115448	 78.852692
419.650085	 305.131653	 87.077347	 409.063080	 381.484985	 81.202911	 376.029633	 361.263824	 90.233780	 376.185730	 321.038605	 91.310432	 376.835205	 341.124359	 78.146118
419.789795	 305.123016	 86.358238	 409.239166	 381.479767	 80.502197	 376.198486	 361.282898	 89.543762	 376.331085	 321.057617	 90.609917	 376.992065	 341.146759	 77.455948
419.917053	 305.122162	 85.651588	 409.388245	 381.475372	 79.821449	 376.344147	 361.282501	 88.853920	 376.468536	 321.060272	 89.892548	 377.134399	 341.156219	 76.746178
420.027893	 305.120117	 84.942520	 409.514313	 381.470795	 79.149162	 376.473663	 361.270874	 88.148079	 376.590240	 321.048706	 89.174026	 377.259460	 341.153564	 76.031120
420.128052	 305.113770	 84.229843	 409.639008	 381.460449	 78.479317	 376.590942	 361.262848	 87.459343	 376.695740	 321.035675	 88.460526	 377.376465	 341.151459	 75.328751
420.225006	 305.098907	 83.533943	 409.765472	 381.444550	 77.829353	 376.707733	 361.252594	 86.781723	 376.801208	 321.018890	 87.743149	 377.495178	 341.147339	 74.629997
420.323883	 305.077393	 82.865776	 409.890228	 381.427399	 77.206337	 376.826721	 361.233246	 86.117409	 376.910034	 320.998688	 87.051109	 377.609894	 341.137695	 73.958481
420.450867	 305.205139	 82.382011	 410.109558	 381.584839	 76.588333	 377.031494	 361.429871	 85.565102	 377.080597	 321.196411	 86.595673	 377.779144	 341.293823	 73.459419
420.662048	 305.330475	 82.166153	 410.363159	 381.622528	 76.254402	 377.332489	 361.580322	 85.423080	 377.329773	 321.371002	 86.529221	 378.009979	 341.453705	 73.343781
420.908997	 305.223114	 82.011459	 410.573273	 381.579407	 76.199402	 377.588379	 361.528168	 85.555092	 377.583405	 321.302429	 86.640800	 378.209198	 341.385162	 73.458633
421.106445	 305.205658	 81.870216	 410.797791	 381.572113	 76.129311	 377.828369	 361.533783	 85.595207	 377.806122	 321.304779	 86.691292	 378.392456	 341.386810	 73.505859
421.281036	 305.123596	 81.746681	 411.013519	 381.500061	 76.062607	 378.078217	 361.524231	 85.606934	 378.004059	 321.295013	 86.703232	 378.575775	 341.379395	 73.516121
421.459503	 305.049866	 81.659676	 411.175842	 381.435364	 76.005722	 378.273438	 361.470459	 85.631187	 378.190430	 321.239685	 86.736748	 378.732727	 341.322571	 73.549057
421.636444	 305.013794	 81.561966	 411.308838	 381.399750	 75.917984	 378.436401	 361.430634	 85.643723	 378.360107	 321.200745	 86.742645	 378.869873	 341.280579	 73.557442
421.816742	 304.991425	 81.475700	 411.436676	 381.389709	 75.835541	 378.595917	 361.415131	 85.660995	 378.527954	 321.187286	 86.751579	 379.012085	 341.267426	 73.567772
422.016174	 304.986938	 81.389290	 411.555817	 381.399658	 75.751762	 378.754333	 361.416748	 85.668747	 378.700806	 321.191589	 86.769173	 379.153778	 341.271362	 73.572998
422.248749	 304.974579	 81.320518	 411.657837	 381.415985	 75.668404	 378.904266	 361.425690	 85.677208	 378.873016	 321.202209	 86.775078	 379.291412	 341.280945	 73.578110
422.515320	 304.953766	 81.269714	 411.742096	 381.448578	 75.572891	 379.042175	 361.439850	 85.686722	 379.037262	 321.217468	 86.780113	 379.417267	 341.292938	 73.588486
422.825592	 304.914520	 81.215691	 411.842651	 381.500610	 75.437599	 379.189941	 361.461700	 85.691208	 379.208069	 321.240479	 86.789658	 379.547852	 341.316101	 73.589714
423.233551	 304.844849	 81.234505	 411.987976	 381.566650	 75.265053	 379.360718	 361.499725	 85.703491	 379.382477	 321.277588	 86.805618	 379.686432	 341.351624	 73.607758
423.761383	 304.713562	 81.325745	 412.181793	 381.612213	 75.058258	 379.563965	 361.537567	 85.723717	 379.557220	 321.315308	 86.829315	 379.842377	 341.390869	 73.637848
424.382568	 304.482086	 81.365646	 412.427856	 381.598999	 74.824638	 379.848114	 361.553650	 85.756531	 379.779907	 321.328369	 86.863281	 380.049011	 341.407745	 73.664146
425.124390	 304.206909	 81.400200	 412.714142	 381.564270	 74.537483	 380.207977	 361.565125	 85.803764	 380.072266	 321.335144	 86.910904	 380.317261	 341.413757	 73.705353
425.985138	 303.934021	 81.461380	 413.028442	 381.524200	 74.184731	 380.642212	 361.572479	 85.859314	 380.444733	 321.342682	 86.976120	 380.654877	 341.420959	 73.766037
426.997650	 303.682983	 81.597832	 413.370544	 381.504425	 73.795433	 381.129852	 361.557343	 85.919907	 380.895844	 321.331482	 87.034225	 381.054596	 341.410736	 73.836716
428.190125	 303.432983	 81.848930	 413.711823	 381.540710	 73.415268	 381.519470	 361.522369	 86.016380	 381.295563	 321.300110	 87.093201	 381.401093	 341.382324	 73.919937
429.516693	 303.150452	 82.167542	 414.017944	 381.690643	 73.038231	 381.700378	 361.506287	 86.084404	 381.483826	 321.281982	 87.146751	 381.570923	 341.367279	 73.966606
430.943665	 302.756714	 82.498024	 414.336426	 382.030792	 72.710663	 381.730530	 361.510010	 86.083855	 381.507050	 321.283905	 87.154350	 381.596832	 341.371063	 73.971039
432.505432	 302.131989	 82.825584	 414.789948	 382.702271	 72.502777	 381.725861	 361.514038	 86.078812	 381.499695	 321.286743	 87.150223	 381.589966	 341.373566	 73.962532
434.211975	 301.431061	 83.183044	 415.624725	 383.570984	 71.852875	 381.569305	 361.520355	 86.027435	 381.354218	 321.296234	 87.101318	 381.461823	 341.381042	 73.920265
436.005371	 300.983276	 83.639641	 416.858551	 384.980621	 71.653793	 381.417725	 361.528595	 85.975922	 381.200256	 321.306091	 87.053207	 381.317505	 341.389221	 73.875763
437.875061	 300.759155	 84.122353	 418.135345	 386.787872	 72.461601	 381.514130	 361.521454	 86.004013	 381.294983	 321.297363	 87.076813	 381.403015	 341.382233	 73.893822
439.863373	 300.543335	 84.575142	 419.368469	 388.608124	 73.498734	 381.572693	 361.513672	 86.015518	 381.356750	 321.289856	 87.088150	 381.463226	 341.374481	 73.904968
441.943268	 300.372681	 85.080605	 420.568420	 390.334503	 74.653412	 381.520538	 361.522003	 85.993279	 381.300415	 321.297791	 87.071327	 381.411163	 341.379852	 73.888947
444.140900	 300.280914	 85.619507	 421.724915	 391.889282	 76.142990	 381.540344	 361.519745	 86.000534	 381.320587	 321.296234	 87.079536	 381.426849	 341.379639	 73.896935
446.462982	 300.350403	 86.187752	 422.951782	 393.358063	 77.954796	 381.551605	 361.515289	 86.009109	 381.336426	 321.291382	 87.082481	 381.445862	 341.376831	 73.902016
448.963776	 300.620148	 86.938232	 424.342621	 394.741119	 79.945557	 381.538818	 361.519501	 86.001770	 381.321838	 321.295563	 87.078262	 381.430054	 341.379761	 73.895576
451.714325	 301.102020	 87.978706	 425.964233	 395.970428	 81.959328	 381.549316	 361.519073	 86.000496	 381.329346	 321.296509	 87.082893	 381.438812	 341.380646	 73.891235
454.740265	 301.776245	 89.323715	 427.860443	 397.077332	 83.876648	 381.546082	 361.517670	 85.998589	 381.327179	 321.296692	 87.076973	 381.435760	 341.380707	 73.891891
458.055817	 302.593170	 90.926193	 429.908173	 397.935944	 85.634987	 381.544464	 361.519897	 85.999481	 381.328796	 321.298950	 87.074043	 381.434509	 341.382599	 73.893555
461.689606	 303.415375	 92.532730	 432.044312	 398.493347	 87.125023	 381.546997	 361.518768	 86.003395	 381.331696	 321.297180	 87.076546	 381.437469	 341.381134	 73.894592
465.653320	 304.145142	 94.013031	 434.319153	 398.892609	 88.273193	 381.549164	 361.517853	 86.004852	 381.333832	 321.295929	 87.080864	 381.442352	 341.380920	 73.893288
469.943268	 304.884796	 95.427818	 436.742157	 399.157227	 89.153870	 381.551819	 361.518219	 86.006004	 381.338409	 321.298004	 87.082382	 381.446075	 341.382904	 73.894089
474.573517	 305.689789	 96.774574	 439.321838	 399.238831	 89.875450	 381.552277	 361.517181	 86.007172	 381.340271	 321.298279	 87.076378	 381.442261	 341.380585	 73.898293
479.590027	 306.508789	 98.111519	 442.112915	 399.202606	 90.513054	 381.553497	 361.519928	 86.004547	 381.339447	 321.300690	 87.075104	 381.443542	 341.380493	 73.896378
485.026245	 307.334503	 99.480125	 445.195221	 399.121277	 91.064430	 381.553864	 361.521851	 86.002563	 381.336487	 321.301575	 87.080856	 381.440857	 341.382690	 73.898254
490.813049	 308.217896	 100.786652	 448.602051	 398.994232	 91.518234	 381.549683	 361.520447	 86.010963	 381.333618	 321.297760	 87.085480	 381.442230	 341.382355	 73.891861
496.860046	 309.221436	 101.879082	 452.349426	 398.797455	 91.901146	 381.546051	 361.522614	 86.010490	 381.331024	 321.299835	 87.081665	 381.442780	 341.385193	 73.889687
503.112061	 310.403900	 102.668510	 456.467316	 398.536407	 92.241920	 381.543030	 361.522278	 86.007011	 381.328766	 321.301483	 87.079437	 381.438232	 341.385498	 73.892021
509.529846	 311.782166	 103.135414	 460.967010	 398.231628	 92.608643	 381.540436	 361.521576	 86.003647	 381.323364	 321.298889	 87.083290	 381.433350	 341.382111	 73.892731
516.097900	 313.352570	 103.254051	 465.851288	 397.814758	 93.014351	 381.533783	 361.522614	 86.003746	 381.317902	 321.300140	 87.082047	 381.426819	 341.384003	 73.895325
522.873352	 315.073242	 103.042473	 471.112152	 397.179321	 93.382561	 381.526642	 361.520447	 86.007477	 381.314087	 321.299835	 87.080200	 381.420990	 341.384521	 73.895660
529.994385	 316.792603	 102.488182	 476.720215	 396.231628	 93.624886	 381.524750	 361.521118	 86.001244	 381.307648	 321.299957	 87.082382	 381.417816	 341.384979	 73.894913
537.514160	 318.460419	 101.541580	 482.680817	 394.855408	 93.637543	 381.523071	 361.525269	 85.999031	 381.304260	 321.302521	 87.076736	 381.409546	 341.386475	 73.901985
545.312073	 320.225372	 100.308197	 489.035889	 392.929779	 93.327660	 381.520691	 361.522644	 86.002144	 381.303589	 321.300751	 87.077271	 381.409058	 341.384613	 73.901779
553.271301	 322.188354	 98.961937	 495.874603	 390.501160	 92.607941	 381.520172	 361.523865	 86.001427	 381.304596	 321.301666	 87.077301	 381.411163	 341.385529	 73.896919
561.342529	 324.311340	 97.622963	 503.248199	 387.809357	 91.485703	 381.522217	 361.525421	 86.002869	 381.305298	 321.302795	 87.079018	 381.412079	 341.387909	 73.895882
569.496155	 326.533875	 96.290382	 511.131073	 385.161194	 90.048851	 381.525543	 361.524078	 86.004562	 381.308014	 321.302307	 87.079613	 381.416656	 341.387817	 73.895515
577.660583	 328.886200	 94.843468	 519.467407	 382.829895	 88.398567	 381.528198	 361.528320	 85.999458	 381.311676	 321.305939	 87.076866	 381.417145	 341.389404	 73.900673
585.761780	 331.447296	 93.062981	 528.221619	 380.878937	 86.644035	 381.529999	 361.526672	 85.999512	 381.310211	 321.304626	 87.082390	 381.417236	 341.388336	 73.902580
593.760925	 334.240082	 90.868515	 537.372437	 379.157715	 84.857552	 381.532623	 361.526703	 85.997650	 381.311798	 321.303131	 87.081673	 381.421082	 341.390015	 73.895493
601.714539	 337.171173	 88.410889	 546.885071	 377.441254	 83.100060	 381.532715	 361.529663	 85.994591	 381.311981	 321.306549	 87.078445	 381.420197	 341.392670	 73.895050
609.722839	 340.086548	 85.804642	 556.718628	 375.699799	 81.333244	 381.532257	 361.527710	 86.000351	 381.313995	 321.305206	 87.076561	 381.417847	 341.388855	 73.899155
617.776733	 342.958252	 83.021393	 566.768005	 374.261963	 79.345589	 381.529114	 361.528961	 86.003082	 381.314789	 321.305939	 87.070930	 381.416504	 341.387054	 73.902969
625.763855	 345.875702	 80.025688	 576.946411	 373.395813	 76.918732	 381.523926	 361.528534	 85.999550	 381.309326	 321.305969	 87.072311	 381.412903	 341.388397	 73.898834
633.558533	 348.876678	 76.960213	 587.196167	 373.099396	 73.990364	 381.520782	 361.527496	 85.995300	 381.301483	 321.302765	 87.080833	 381.409058	 341.388000	 73.892258
641.139038	 351.914825	 73.895897	 597.337708	 373.371887	 70.675064	 381.515839	 361.528412	 85.996872	 381.293549	 321.305084	 87.083672	 381.406219	 341.390472	 73.888519
648.541016	 354.925934	 70.780212	 607.189453	 374.173981	 67.193359	 381.512665	 361.526031	 85.996735	 381.295013	 321.304291	 87.075401	 381.401215	 341.387634	 73.894249
655.739136	 357.906952	 67.670609	 616.651855	 375.353607	 63.806808	 381.510254	 361.524475	 85.995926	 381.296722	 321.302399	 87.069160	 381.400726	 341.385193	 73.889854
662.763306	 360.833252	 64.630043	 625.649597	 376.781921	 60.683868	 381.511292	 361.527435	 85.995178	 381.295166	 321.304779	 87.071976	 381.399384	 341.389038	 73.889633
669.709656	 363.631165	 61.557095	 634.142334	 378.475372	 57.752995	 381.514618	 361.526367	 85.996475	 381.297852	 321.305084	 87.075676	 381.400513	 341.386719	 73.895576
676.586426	 366.306000	 58.325684	 642.211365	 380.474823	 54.780182	 381.518433	 361.528381	 85.994812	 381.301239	 321.306763	 87.072823	 381.407654	 341.386475	 73.895393
683.280945	 368.960602	 55.046379	 649.979553	 382.757599	 51.624363	 381.522949	 361.531219	 85.992096	 381.304749	 321.308228	 87.071655	 381.411957	 341.391571	 73.891609
689.713013	 371.596069	 51.974049	 657.436462	 385.310669	 48.303230	 381.523956	 361.529572	 85.994507	 381.306915	 321.307343	 87.071693	 381.412872	 341.391815	 73.892548
695.895569	 374.127808	 49.137054	 664.459961	 388.097565	 45.012505	 381.524994	 361.532745	 85.993538	 381.309448	 321.310852	 87.069046	 381.413757	 341.393616	 73.889229
701.838074	 376.470947	 46.445938	 670.951294	 391.031555	 41.941044	 381.529877	 361.533691	 85.993973	 381.311890	 321.311554	 87.072350	 381.416199	 341.395172	 73.889954
707.527344	 378.632172	 43.755173	 676.914063	 393.968964	 39.147243	 381.528137	 361.532410	 85.998688	 381.311829	 321.310791	 87.071533	 381.418610	 341.394257	 73.892853
712.882019	 380.727509	 40.980019	 682.520935	 396.707336	 36.555626	 381.523773	 361.534698	 85.995079	 381.305389	 321.312500	 87.070190	 381.415192	 341.396942	 73.892136
717.848633	 382.846100	 38.098679	 687.895691	 399.168610	 33.997963	 381.518677	 361.533295	 85.989784	 381.297729	 321.310120	 87.073441	 381.406433	 341.394348	 73.892212
722.460999	 384.979706	 35.100845	 693.050598	 401.411133	 31.287031	 381.512360	 361.532959	 85.990402	 381.291473	 321.309021	 87.075569	 381.394928	 341.390594	 73.897789
726.786499	 387.015961	 32.099148	 697.970581	 403.398926	 28.429073	 381.505768	 361.533356	 85.991653	 381.286224	 321.310150	 87.070946	 381.388123	 341.393188	 73.901855
730.898438	 388.813019	 29.260483	 702.641296	 405.081329	 25.498919	 381.498322	 361.530090	 85.993698	 381.281189	 321.308411	 87.069862	 381.386902	 341.393127	 73.898270
734.819092	 390.343445	 26.582926	 707.055664	 406.513977	 22.547066	 381.493896	 361.531128	 85.992714	 381.274689	 321.308685	 87.076363	 381.384003	 341.393341	 73.893318
738.534973	 391.629852	 24.048971	 711.232178	 407.709930	 19.620087	 381.490662	 361.532166	 85.992149	 381.271301	 321.308716	 87.080879	 381.377808	 341.393311	 73.895248
742.010559	 392.691254	 21.673182	 715.203613	 408.633362	 16.750406	 381.490417	 361.531128	 85.989014	 381.270355	 321.306854	 87.075157	 381.375153	 341.391113	 73.894089
745.227173	 393.598724	 19.354498	 718.914063	 409.311646	 13.935380	 381.487091	 361.531006	 85.993439	 381.269836	 321.308136	 87.072220	 381.374939	 341.393311	 73.890633
748.185730	 394.367737	 16.956291	 722.244385	 409.807922	 11.173871	 381.487213	 361.530670	 85.995514	 381.269073	 321.309113	 87.076073	 381.375092	 341.394226	 73.892838
750.827881	 395.060638	 14.364644	 725.165405	 410.261169	 8.356528	 381.489319	 361.531281	 85.992233	 381.266968	 321.307556	 87.077583	 381.374725	 341.391296	 73.895248
753.099426	 395.834259	 11.515164	 727.759888	 410.766510	 5.361099	 381.487366	 361.533936	 85.988457	 381.265686	 321.308777	 87.076576	 381.373077	 341.393097	 73.897171
755.016968	 396.692261	 8.550737	 730.072693	 411.306671	 2.260888	 381.483002	 361.532990	 85.988579	 381.262848	 321.308105	 87.074501	 381.372894	 341.393738	 73.891144
756.669922	 397.505707	 5.625257	 732.101990	 411.834778	 -0.813213	 381.479218	 361.532043	 85.991638	 381.258667	 321.307159	 87.072166	 381.368286	 341.390930	 73.894592
758.112061	 398.247467	 2.731675	 733.932495	 412.255463	 -3.875762	 381.477844	 361.533417	 85.989548	 381.257233	 321.309753	 87.069695	 381.364319	 341.392059	 73.892639
759.304993	 399.025330	 -0.185646	 735.331421	 412.450317	 -6.195481	 381.477631	 361.531677	 85.982742	 381.254852	 321.308472	 87.071205	 381.360779	 341.393097	 73.894798
760.292664	 399.812256	 -1.911814	 735.929077	 412.542572	 -6.397830	 381.473969	 361.533051	 85.982315	 381.252747	 321.308807	 87.068779	 381.357635	 341.391571	 73.893005
761.071045	 400.601898	 -1.796077	 736.499817	 412.732971	 -5.543880	 381.469910	 361.533417	 85.978256	 381.250946	 321.310303	 87.064987	 381.356720	 341.395447	 73.885880
761.586975	 401.574890	 -1.763177	 737.347778	 413.179657	 -4.905147	 381.471863	 361.533997	 85.971931	 381.250488	 321.308716	 87.061310	 381.354919	 341.394043	 73.888077
761.969910	 402.492554	 -1.796285	 738.004333	 413.962585	 -4.636539	 381.471893	 361.535461	 85.974968	 381.251556	 321.309570	 87.058426	 381.356781	 341.394531	 73.879456
762.332703	 403.118927	 -1.812118	 738.450439	 414.597046	 -4.523839	 381.475372	 361.533173	 85.976051	 381.254669	 321.309326	 87.057388	 381.360992	 341.395142	 73.880013
762.616882	 403.524933	 -1.796339	 738.790894	 414.845093	 -4.383632	 381.482697	 361.534088	 85.968452	 381.260895	 321.307953	 87.056015	 381.367218	 341.393524	 73.883194
762.740601	 403.829346	 -1.761282	 739.010864	 414.926056	 -4.299451	 381.486176	 361.535431	 85.967590	 381.264343	 321.309631	 87.057091	 381.370697	 341.396667	 73.878357
762.706787	 404.041412	 -1.756818	 739.134827	 414.961487	 -4.264196	 381.494446	 361.533875	 85.967896	 381.269104	 321.309082	 87.058540	 381.377441	 341.396027	 73.873566
762.450562	 404.270264	 -1.780094	 739.173645	 415.014191	 -4.285912	 381.497559	 361.535492	 85.971451	 381.273499	 321.310211	 87.057266	 381.381073	 341.394745	 73.878593
761.954651	 404.562012	 -1.824925	 739.098816	 415.087677	 -4.378329	 381.497253	 361.535736	 85.973267	 381.273468	 321.311096	 87.059868	 381.379700	 341.395905	 73.876259
761.315796	 404.837372	 -1.905813	 738.909302	 415.150482	 -4.528700	 381.494598	 361.533447	 85.974594	 381.273804	 321.308746	 87.058266	 381.379150	 341.394165	 73.871399
760.575012	 405.042358	 -2.009704	 738.601318	 415.155914	 -4.737306	 381.486084	 361.536041	 85.976868	 381.265594	 321.310211	 87.056557	 381.372833	 341.395355	 73.876434
759.732422	 405.153351	 -2.105448	 738.183472	 415.095825	 -4.999365	 381.476807	 361.536316	 85.978706	 381.255219	 321.311890	 87.060524	 381.361725	 341.396179	 73.881165
758.823669	 405.172363	 -2.180686	 737.678589	 415.032990	 -5.322117	 381.460785	 361.535889	 85.983727	 381.243774	 321.312592	 87.060707	 381.348419	 341.396301	 73.879868
757.888062	 405.140106	 -2.254873	 737.123291	 414.980499	 -5.705470	 381.442017	 361.537811	 85.986855	 381.223297	 321.313751	 87.063469	 381.327972	 341.398071	 73.889023
756.913269	 405.037628	 -2.299532	 736.532532	 414.934418	 -6.124987	 381.428375	 361.534790	 85.990891	 381.207977	 321.310547	 87.070793	 381.315094	 341.397278	 73.896637
755.921082	 404.885956	 -2.335144	 735.898376	 414.928070	 -6.537415	 381.417023	 361.534271	 85.992180	 381.197815	 321.309479	 87.071930	 381.305664	 341.396912	 73.896744
754.927917	 404.694000	 -2.369700	 735.250549	 414.950104	 -6.932928	 381.410126	 361.533264	 85.987770	 381.191620	 321.310425	 87.067223	 381.296143	 341.397644	 73.891418
753.973022	 404.445007	 -2.425030	 734.626587	 414.972687	 -7.293820	 381.406952	 361.529999	 85.986198	 381.189026	 321.307556	 87.066277	 381.294006	 341.393036	 73.891457
753.048889	 404.213806	 -2.460443	 733.960938	 415.002258	 -7.504877	 381.405975	 361.532654	 85.985077	 381.185425	 321.308075	 87.069473	 381.293854	 341.391968	 73.890724
752.185974	 404.044220	 -2.479772	 733.280212	 415.030884	 -7.589217	 381.408508	 361.532928	 85.982513	 381.184814	 321.308533	 87.068993	 381.292694	 341.394745	 73.890617
751.377686	 403.908112	 -2.558113	 732.542358	 415.080017	 -7.517688	 381.408203	 361.531281	 85.979614	 381.185516	 321.307831	 87.063690	 381.292206	 341.392487	 73.892822
750.563721	 403.790039	 -2.675303	 731.619080	 415.172302	 -7.331021	 381.407715	 361.534180	 85.977600	 381.185394	 321.311310	 87.062485	 381.291107	 341.394012	 73.889847
749.792358	 403.623383	 -2.743438	 730.759521	 415.168121	 -7.167943	 381.408173	 361.534760	 85.979362	 381.183502	 321.311615	 87.065002	 381.292175	 341.396881	 73.886589
749.112488	 403.504761	 -2.733990	 730.083435	 415.177185	 -7.100261	 381.404419	 361.536133	 85.981506	 381.178406	 321.312531	 87.064384	 381.289001	 341.398315	 73.888947
748.486938	 403.412415	 -2.721038	 729.513062	 415.214783	 -7.083903	 381.394623	 361.536438	 85.979317	 381.171722	 321.314545	 87.065994	 381.276550	 341.399750	 73.893013
747.928589	 403.320831	 -2.710594	 729.043152	 415.239319	 -7.074722	 381.384674	 361.533478	 85.979851	 381.161804	 321.310455	 87.069481	 381.267456	 341.395508	 73.893677
747.442322	 403.263947	 -2.710843	 728.648865	 415.272888	 -7.043252	 381.378113	 361.534180	 85.982979	 381.149628	 321.309570	 87.073570	 381.259766	 341.393616	 73.894997
747.033081	 403.226807	 -2.738754	 728.391174	 415.304840	 -7.063577	 381.371460	 361.533356	 85.983299	 381.143524	 321.309570	 87.075104	 381.251495	 341.394440	 73.899162
746.689514	 403.199127	 -2.764488	 728.239624	 415.342682	 -7.113369	 381.368103	 361.531281	 85.981575	 381.142975	 321.307678	 87.071182	 381.249817	 341.391846	 73.898010
746.382141	 403.195862	 -2.782571	 728.123657	 415.382294	 -7.165745	 381.367340	 361.533447	 85.983345	 381.144196	 321.308624	 87.065498	 381.251648	 341.393188	 73.894676
746.104431	 403.198822	 -2.796456	 728.036560	 415.429047	 -7.238713	 381.370728	 361.533264	 85.982033	 381.148041	 321.309814	 87.066437	 381.254242	 341.395996	 73.892921
745.858215	 403.187683	 -2.811061	 727.970215	 415.488068	 -7.283344	 381.377075	 361.533356	 85.976845	 381.153107	 321.309906	 87.067230	 381.260956	 341.394806	 73.888741
745.661194	 403.151947	 -2.842867	 727.927979	 415.550568	 -7.271890	 381.384216	 361.536652	 85.977814	 381.160706	 321.312592	 87.065536	 381.270630	 341.397156	 73.882629
745.504578	 403.109161	 -2.868501	 727.917542	 415.614014	 -7.243399	 381.391785	 361.535004	 85.982697	 381.168549	 321.312744	 87.067535	 381.275269	 341.396790	 73.888466
745.383972	 403.061371	 -2.890918	 727.917908	 415.672668	 -7.202802	 381.397156	 361.535797	 85.986443	 381.174072	 321.310974	 87.067101	 381.282257	 341.394928	 73.887825
745.296936	 403.016235	 -2.917566	 727.916687	 415.713470	 -7.131640	 381.401215	 361.536743	 85.987755	 381.179871	 321.311768	 87.065277	 381.287170	 341.395996	 73.885834
745.245117	 402.979370	 -2.946303	 727.938782	 415.766602	 -7.057943	 381.403900	 361.533600	 85.982971	 381.183624	 321.309845	 87.064316	 381.288544	 341.394135	 73.891586
745.228577	 402.956726	 -2.963717	 727.980347	 415.831604	 -6.992542	 381.404510	 361.533966	 85.981033	 381.183044	 321.309753	 87.064583	 381.287750	 341.393494	 73.893364
745.246765	 402.951324	 -2.978755	 728.033264	 415.879242	 -6.933004	 381.404175	 361.533142	 85.981277	 381.180420	 321.308899	 87.064995	 381.285126	 341.393646	 73.891136
745.281921	 402.956146	 -2.981586	 728.088318	 415.912994	 -6.877658	 381.402710	 361.531799	 85.976112	 381.180084	 321.307861	 87.060677	 381.284515	 341.392883	 73.887962
745.322632	 402.973450	 -2.985454	 728.137451	 415.937714	 -6.826252	 381.399261	 361.535034	 85.977371	 381.176239	 321.310333	 87.064583	 381.282959	 341.394897	 73.886986
745.361389	 402.989624	 -2.989801	 728.181824	 415.950714	 -6.791148	 381.397430	 361.534363	 85.979713	 381.174652	 321.310852	 87.066040	 381.282532	 341.394714	 73.890198
745.400574	 402.999664	 -2.993457	 728.219666	 415.959412	 -6.761652	 381.400238	 361.533234	 85.978706	 381.176910	 321.309357	 87.062256	 381.284271	 341.393341	 73.889420
745.432495	 403.011292	 -2.993028	 728.253357	 415.967468	 -6.735666	 381.404907	 361.535431	 85.980301	 381.178467	 321.310913	 87.067070	 381.288391	 341.396576	 73.889320
745.455139	 403.016174	 -2.989166	 728.283447	 415.967712	 -6.716663	 381.412659	 361.533234	 85.982201	 381.189301	 321.308899	 87.066818	 381.295563	 341.392731	 73.894188
745.471863	 403.014648	 -2.999094	 728.304199	 415.967834	 -6.701421	 381.417725	 361.533813	 85.985092	 381.199524	 321.306854	 87.065781	 381.306549	 341.392548	 73.885201
745.470642	 403.007996	 -3.005082	 728.317200	 415.966156	 -6.684012	 381.426697	 361.534637	 85.980515	 381.203186	 321.308594	 87.071182	 381.310303	 341.395050	 73.884499
745.468567	 402.987915	 -3.017954	 728.333435	 415.964233	 -6.676502	 381.432495	 361.531952	 85.980499	 381.210175	 321.308319	 87.066895	 381.317047	 341.392181	 73.887817
745.467102	 402.971863	 -3.025480	 728.350403	 415.966888	 -6.671495	 381.432465	 361.534058	 85.984985	 381.211487	 321.311035	 87.068024	 381.320190	 341.394562	 73.888504
745.474854	 402.965240	 -3.030941	 728.362976	 415.963440	 -6.657530	 381.436737	 361.534393	 85.982651	 381.212067	 321.311340	 87.070305	 381.319458	 341.395050	 73.888000
745.492004	 402.961853	 -3.033732	 728.378540	 415.964417	 -6.646873	 381.435242	 361.534393	 85.982544	 381.214233	 321.310181	 87.066254	 381.321625	 341.394562	 73.886131
745.514465	 402.968719	 -3.037217	 728.393066	 415.969513	 -6.633465	 381.430054	 361.536591	 85.981010	 381.209076	 321.312653	 87.066757	 381.318237	 341.398041	 73.885185
745.538879	 402.976471	 -3.034799	 728.406921	 415.967102	 -6.617932	 381.428101	 361.533875	 85.984367	 381.207977	 321.311523	 87.070129	 381.315460	 341.395538	 73.889282
745.557068	 402.979858	 -3.027082	 728.414490	 415.969818	 -6.606451	 381.427124	 361.533875	 85.986397	 381.207764	 321.310120	 87.066246	 381.316437	 341.393127	 73.887779
745.574341	 402.993622	 -3.030644	 728.419189	 415.974792	 -6.597217	 381.428162	 361.535187	 85.982864	 381.207397	 321.310150	 87.064873	 381.315063	 341.394867	 73.886124
745.588562	 403.005188	 -3.032140	 728.427795	 415.977081	 -6.596600	 381.431580	 361.531738	 85.985733	 381.212738	 321.308502	 87.065590	 381.318634	 341.392517	 73.884850
745.590271	 403.015045	 -3.025235	 728.430298	 415.984589	 -6.595658	 381.437073	 361.533325	 85.986786	 381.218750	 321.309937	 87.061768	 381.325104	 341.392822	 73.884903
745.584961	 403.024567	 -3.020349	 728.435486	 415.990967	 -6.596925	 381.447754	 361.534790	 85.982239	 381.228149	 321.310669	 87.064758	 381.336700	 341.397308	 73.881302
745.583862	 403.021210	 -3.024005	 728.442261	 415.996521	 -6.604550	 381.458984	 361.534729	 85.980881	 381.238129	 321.309906	 87.068176	 381.343811	 341.394012	 73.883652
745.581299	 403.014771	 -3.026328	 728.443604	 416.003448	 -6.604656	 381.465027	 361.537903	 85.979637	 381.247131	 321.313385	 87.061119	 381.348663	 341.395508	 73.885727
745.586487	 403.008423	 -3.022858	 728.452759	 416.004395	 -6.604124	 381.470764	 361.538025	 85.976822	 381.253143	 321.313751	 87.058472	 381.355988	 341.397949	 73.883904
745.603943	 403.007355	 -3.018179	 728.457458	 416.008484	 -6.594969	 381.472809	 361.537964	 85.978790	 381.254059	 321.314056	 87.061745	 381.359894	 341.396790	 73.885735
745.618286	 403.015350	 -3.007198	 728.461060	 416.014801	 -6.583739	 381.473602	 361.540039	 85.978065	 381.253082	 321.315521	 87.063324	 381.359802	 341.399384	 73.881668
745.637268	 403.023621	 -3.000443	 728.463135	 416.019684	 -6.577316	 381.468170	 361.536255	 85.982162	 381.251831	 321.311951	 87.060890	 381.356018	 341.398132	 73.881653
745.652222	 403.032227	 -2.987144	 728.463867	 416.032257	 -6.571576	 381.462646	 361.534760	 85.982063	 381.246643	 321.310760	 87.061813	 381.350739	 341.395935	 73.887550
745.666565	 403.044128	 -2.981498	 728.469666	 416.044220	 -6.566731	 381.462891	 361.535370	 85.977997	 381.242249	 321.310181	 87.062279	 381.347260	 341.395081	 73.883072
745.678406	 403.048218	 -2.976376	 728.474487	 416.052704	 -6.567114	 381.461639	 361.534119	 85.978058	 381.242432	 321.308594	 87.055954	 381.347046	 341.393311	 73.879745
745.685730	 403.052277	 -2.970258	 728.473450	 416.063354	 -6.565813	 381.461273	 361.536133	 85.977196	 381.239899	 321.309998	 87.058998	 381.347107	 341.395477	 73.877617
745.695984	 403.057800	 -2.966910	 728.474915	 416.065552	 -6.562262	 381.463104	 361.535583	 85.977516	 381.240509	 321.309570	 87.066994	 381.348602	 341.395935	 73.879021
745.709167	 403.059357	 -2.972136	 728.481628	 416.064423	 -6.560664	 381.466400	 361.533997	 85.980103	 381.246277	 321.309814	 87.068802	 381.353973	 341.394257	 73.880608
745.715942	 403.059937	 -2.975391	 728.484985	 416.064148	 -6.561615	 381.473328	 361.535675	 85.982819	 381.253418	 321.311432	 87.066353	 381.360626	 341.397034	 73.880035
745.723999	 403.058594	 -2.984591	 728.493591	 416.061127	 -6.564678	 381.482330	 361.534668	 85.983177	 381.263245	 321.309845	 87.065971	 381.368958	 341.396362	 73.879417
745.731934	 403.055206	 -2.988265	 728.505371	 416.059265	 -6.563058	 381.489227	 361.534790	 85.983360	 381.271454	 321.309814	 87.066032	 381.378082	 341.394257	 73.884720
745.739624	 403.054779	 -2.986074	 728.514099	 416.057098	 -6.557954	 381.495758	 361.536652	 85.986107	 381.277985	 321.312195	 87.064629	 381.385040	 341.395905	 73.884285
745.745544	 403.053558	 -2.984711	 728.521240	 416.054749	 -6.558832	 381.499481	 361.535004	 85.988518	 381.283813	 321.311615	 87.063507	 381.389343	 341.397491	 73.880013
745.747192	 403.052734	 -2.989178	 728.516602	 416.054474	 -6.552629	 381.500275	 361.535370	 85.983429	 381.282959	 321.313049	 87.064873	 381.387238	 341.397705	 73.882133
745.739258	 403.049255	 -2.991878	 728.510437	 416.054596	 -6.557228	 381.497101	 361.536896	 85.981049	 381.276428	 321.313477	 87.066444	 381.382874	 341.397705	 73.883270
745.718506	 403.034637	 -2.995361	 728.499817	 416.055084	 -6.565581	 381.490814	 361.535339	 85.981331	 381.270050	 321.310242	 87.066429	 381.377167	 341.396088	 73.882660
745.688782	 403.020355	 -3.000127	 728.479370	 416.058441	 -6.575839	 381.481201	 361.536102	 85.982056	 381.261200	 321.310516	 87.064575	 381.367676	 341.396545	 73.883110
745.654846	 403.004822	 -3.006377	 728.455566	 416.057495	 -6.584658	 381.469482	 361.533875	 85.984581	 381.249420	 321.310730	 87.065849	 381.353180	 341.395538	 73.891052
745.621338	 402.984741	 -3.018308	 728.431152	 416.058502	 -6.594432	 381.460571	 361.532227	 85.984367	 381.239899	 321.309052	 87.068657	 381.345001	 341.392456	 73.891037
745.585754	 402.968567	 -3.032160	 728.404968	 416.058624	 -6.601839	 381.452942	 361.531616	 85.985710	 381.232513	 321.308441	 87.068275	 381.339508	 341.392181	 73.888687
745.541199	 402.942780	 -3.036799	 728.375183	 416.049500	 -6.600009	 381.451324	 361.527924	 85.980278	 381.228882	 321.306335	 87.065002	 381.334015	 341.390198	 73.884956
745.500854	 402.915436	 -3.045479	 728.350586	 416.048279	 -6.612193	 381.446045	 361.530640	 85.976166	 381.225586	 321.306213	 87.059334	 381.332062	 341.392517	 73.879120
745.465149	 402.894775	 -3.061393	 728.326477	 416.046570	 -6.619314	 381.441681	 361.535278	 85.976746	 381.223480	 321.310242	 87.061157	 381.328156	 341.398438	 73.881271
745.438843	 402.869354	 -3.076057	 728.308411	 416.041718	 -6.619595	 381.442230	 361.535065	 85.977020	 381.222443	 321.311157	 87.067039	 381.329132	 341.397614	 73.885254
745.420044	 402.841980	 -3.090209	 728.300781	 416.040039	 -6.628250	 381.443054	 361.536469	 85.978294	 381.223663	 321.311707	 87.063217	 381.328918	 341.394623	 73.887726
745.402100	 402.813660	 -3.101801	 728.290466	 416.031738	 -6.629402	 381.444305	 361.532593	 85.980110	 381.225830	 321.309387	 87.058861	 381.328522	 341.393250	 73.888062
